0.0000000000,0.0000000000,0.0000002796,10.0000000000,10.0000000000,1.0000000000,1.0000000000,50.0000000000
0.0000000000,1.0000000000,0.0000023519,10.0000000000,10.0000000000,1.0000000000,1.0000000000,50.0000000000
0.0000000000,2.0000000000,0.0000084070,10.0000000000,10.0000000000,1.0000000000,1.0000000000,50.0000000000
0.0000000000,3.0000000000,0.0000184924,10.0000000000,10.0000000000,1.0000000000,1.0000000000,50.0000000000
0.0000000000,4.0000000000,0.0000276020,10.0000000000,10.0000000000,1.0000000000,1.0000000000,50.0000000000
0.0000000000,5.0000000000,0.0000351387,10.0000000000,10.0000000000,1.0000000000,1.0000000000,50.0000000000
0.0000000000,6.0000000000,0.0000355152,10.0000000000,10.0000000000,1.0000000000,1.0000000000,50.0000000000
0.0000000000,7.0000000000,0.0000331095,10.0000000000,10.0000000000,1.0000000000,1.0000000000,50.0000000000
0.0000000000,8.0000000000,0.0000259612,10.0000000000,10.0000000000,1.0000000000,1.0000000000,50.0000000000
0.0000000000,9.0000000000,0.0000197729,10.0000000000,10.0000000000,1.0000000000,1.0000000000,50.0000000000
0.0000000000,10.0000000000,0.0000133686,10.0000000000,10.0000000000,1.0000000000,1.0000000000,50.0000000000
0.0000000000,11.0000000000,0.0000085272,10.0000000000,10.0000000000,1.0000000000,1.0000000000,50.0000000000
0.0000000000,12.0000000000,0.0000044990,10.0000000000,10.0000000000,1.0000000000,1.0000000000,50.0000000000
0.0000000000,13.0000000000,0.0000024041,10.0000000000,10.0000000000,1.0000000000,1.0000000000,50.0000000000
0.0000000000,14.0000000000,0.0000010393,10.0000000000,10.0000000000,1.0000000000,1.0000000000,50.0000000000
0.0000000000,15.0000000000,0.0000005433,10.0000000000,10.0000000000,1.0000000000,1.0000000000,50.0000000000
0.0000000000,16.0000000000,0.0000002646,10.0000000000,10.0000000000,1.0000000000,1.0000000000,50.0000000000
0.0000000000,17.0000000000,0.0000001222,10.0000000000,10.0000000000,1.0000000000,1.0000000000,50.0000000000
0.0000000000,18.0000000000,0.0000000268,10.0000000000,10.0000000000,1.0000000000,1.0000000000,50.0000000000
0.0000000000,19.0000000000,0.0000000022,10.0000000000,10.0000000000,1.0000000000,1.0000000000,50.0000000000
1.0000000000,0.0000000000,0.0000016544,10.0000000000,10.0000000000,1.0000000000,1.0000000000,50.0000000000
1.0000000000,1.0000000000,0.0000120295,10.0000000000,10.0000000000,1.0000000000,1.0000000000,50.0000000000
1.0000000000,2.0000000000,0.0000408344,10.0000000000,10.0000000000,1.0000000000,1.0000000000,50.0000000000
1.0000000000,3.0000000000,0.0000939641,10.0000000000,10.0000000000,1.0000000000,1.0000000000,50.0000000000
1.0000000000,4.0000000000,0.0001589528,10.0000000000,10.0000000000,1.0000000000,1.0000000000,50.0000000000
1.0000000000,5.0000000000,0.0002161513,10.0000000000,10.0000000000,1.0000000000,1.0000000000,50.0000000000
1.0000000000,6.0000000000,0.0002455001,10.0000000000,10.0000000000,1.0000000000,1.0000000000,50.0000000000
1.0000000000,7.0000000000,0.0002435056,10.0000000000,10.0000000000,1.0000000000,1.0000000000,50.0000000000
1.0000000000,8.0000000000,0.0002043034,10.0000000000,10.0000000000,1.0000000000,1.0000000000,50.0000000000
1.0000000000,9.0000000000,0.0001580005,10.0000000000,10.0000000000,1.0000000000,1.0000000000,50.0000000000
1.0000000000,10.0000000000,0.0001090187,10.0000000000,10.0000000000,1.0000000000,1.0000000000,50.0000000000
1.0000000000,11.0000000000,0.0000692014,10.0000000000,10.0000000000,1.0000000000,1.0000000000,50.0000000000
1.0000000000,12.0000000000,0.0000408462,10.0000000000,10.0000000000,1.0000000000,1.0000000000,50.0000000000
1.0000000000,13.0000000000,0.0000214627,10.0000000000,10.0000000000,1.0000000000,1.0000000000,50.0000000000
1.0000000000,14.0000000000,0.0000116929,10.0000000000,10.0000000000,1.0000000000,1.0000000000,50.0000000000
1.0000000000,15.0000000000,0.0000051304,10.0000000000,10.0000000000,1.0000000000,1.0000000000,50.0000000000
1.0000000000,16.0000000000,0.0000023062,10.0000000000,10.0000000000,1.0000000000,1.0000000000,50.0000000000
1.0000000000,17.0000000000,0.0000009848,10.0000000000,10.0000000000,1.0000000000,1.0000000000,50.0000000000
1.0000000000,18.0000000000,0.0000003868,10.0000000000,10.0000000000,1.0000000000,1.0000000000,50.0000000000
1.0000000000,19.0000000000,0.0000001392,10.0000000000,10.0000000000,1.0000000000,1.0000000000,50.0000000000
1.0000000000,20.0000000000,0.0000000503,10.0000000000,10.0000000000,1.0000000000,1.0000000000,50.0000000000
1.0000000000,21.0000000000,0.0000000054,10.0000000000,10.0000000000,1.0000000000,1.0000000000,50.0000000000
1.0000000000,22.0000000000,0.0000000103,10.0000000000,10.0000000000,1.0000000000,1.0000000000,50.0000000000
2.0000000000,0.0000000000,0.0000039910,10.0000000000,10.0000000000,1.0000000000,1.0000000000,50.0000000000
2.0000000000,1.0000000000,0.0000278105,10.0000000000,10.0000000000,1.0000000000,1.0000000000,50.0000000000
2.0000000000,2.0000000000,0.0001006005,10.0000000000,10.0000000000,1.0000000000,1.0000000000,50.0000000000
2.0000000000,3.0000000000,0.0002554946,10.0000000000,10.0000000000,1.0000000000,1.0000000000,50.0000000000
2.0000000000,4.0000000000,0.0004708361,10.0000000000,10.0000000000,1.0000000000,1.0000000000,50.0000000000
2.0000000000,5.0000000000,0.0006906013,10.0000000000,10.0000000000,1.0000000000,1.0000000000,50.0000000000
2.0000000000,6.0000000000,0.0008405440,10.0000000000,10.0000000000,1.0000000000,1.0000000000,50.0000000000
2.0000000000,7.0000000000,0.0008677378,10.0000000000,10.0000000000,1.0000000000,1.0000000000,50.0000000000
2.0000000000,8.0000000000,0.0007879535,10.0000000000,10.0000000000,1.0000000000,1.0000000000,50.0000000000
2.0000000000,9.0000000000,0.0006357119,10.0000000000,10.0000000000,1.0000000000,1.0000000000,50.0000000000
2.0000000000,10.0000000000,0.0004581258,10.0000000000,10.0000000000,1.0000000000,1.0000000000,50.0000000000
2.0000000000,11.0000000000,0.0003034600,10.0000000000,10.0000000000,1.0000000000,1.0000000000,50.0000000000
2.0000000000,12.0000000000,0.0001856758,10.0000000000,10.0000000000,1.0000000000,1.0000000000,50.0000000000
2.0000000000,13.0000000000,0.0001064942,10.0000000000,10.0000000000,1.0000000000,1.0000000000,50.0000000000
2.0000000000,14.0000000000,0.0000575568,10.0000000000,10.0000000000,1.0000000000,1.0000000000,50.0000000000
2.0000000000,15.0000000000,0.0000275121,10.0000000000,10.0000000000,1.0000000000,1.0000000000,50.0000000000
2.0000000000,16.0000000000,0.0000124854,10.0000000000,10.0000000000,1.0000000000,1.0000000000,50.0000000000
2.0000000000,17.0000000000,0.0000055315,10.0000000000,10.0000000000,1.0000000000,1.0000000000,50.0000000000
2.0000000000,18.0000000000,0.0000022079,10.0000000000,10.0000000000,1.0000000000,1.0000000000,50.0000000000
2.0000000000,19.0000000000,0.0000009022,10.0000000000,10.0000000000,1.0000000000,1.0000000000,50.0000000000
2.0000000000,20.0000000000,0.0000003139,10.0000000000,10.0000000000,1.0000000000,1.0000000000,50.0000000000
2.0000000000,21.0000000000,0.0000000975,10.0000000000,10.0000000000,1.0000000000,1.0000000000,50.0000000000
2.0000000000,22.0000000000,0.0000000206,10.0000000000,10.0000000000,1.0000000000,1.0000000000,50.0000000000
3.0000000000,0.0000000000,0.0000050573,10.0000000000,10.0000000000,1.0000000000,1.0000000000,50.0000000000
3.0000000000,1.0000000000,0.0000454520,10.0000000000,10.0000000000,1.0000000000,1.0000000000,50.0000000000
3.0000000000,2.0000000000,0.0001821989,10.0000000000,10.0000000000,1.0000000000,1.0000000000,50.0000000000
3.0000000000,3.0000000000,0.0004981872,10.0000000000,10.0000000000,1.0000000000,1.0000000000,50.0000000000
3.0000000000,4.0000000000,0.0009787011,10.0000000000,10.0000000000,1.0000000000,1.0000000000,50.0000000000
3.0000000000,5.0000000000,0.0015392568,10.0000000000,10.0000000000,1.0000000000,1.0000000000,50.0000000000
3.0000000000,6.0000000000,0.0019867608,10.0000000000,10.0000000000,1.0000000000,1.0000000000,50.0000000000
3.0000000000,7.0000000000,0.0021765320,10.0000000000,10.0000000000,1.0000000000,1.0000000000,50.0000000000
3.0000000000,8.0000000000,0.0020682896,10.0000000000,10.0000000000,1.0000000000,1.0000000000,50.0000000000
3.0000000000,9.0000000000,0.0017591002,10.0000000000,10.0000000000,1.0000000000,1.0000000000,50.0000000000
3.0000000000,10.0000000000,0.0013396340,10.0000000000,10.0000000000,1.0000000000,1.0000000000,50.0000000000
3.0000000000,11.0000000000,0.0009280993,10.0000000000,10.0000000000,1.0000000000,1.0000000000,50.0000000000
3.0000000000,12.0000000000,0.0005847145,10.0000000000,10.0000000000,1.0000000000,1.0000000000,50.0000000000
3.0000000000,13.0000000000,0.0003448780,10.0000000000,10.0000000000,1.0000000000,1.0000000000,50.0000000000
3.0000000000,14.0000000000,0.0001883374,10.0000000000,10.0000000000,1.0000000000,1.0000000000,50.0000000000
3.0000000000,15.0000000000,0.0000944342,10.0000000000,10.0000000000,1.0000000000,1.0000000000,50.0000000000
3.0000000000,16.0000000000,0.0000453555,10.0000000000,10.0000000000,1.0000000000,1.0000000000,50.0000000000
3.0000000000,17.0000000000,0.0000201650,10.0000000000,10.0000000000,1.0000000000,1.0000000000,50.0000000000
3.0000000000,18.0000000000,0.0000083693,10.0000000000,10.0000000000,1.0000000000,1.0000000000,50.0000000000
3.0000000000,19.0000000000,0.0000028359,10.0000000000,10.0000000000,1.0000000000,1.0000000000,50.0000000000
3.0000000000,20.0000000000,0.0000011030,10.0000000000,10.0000000000,1.0000000000,1.0000000000,50.0000000000
3.0000000000,21.0000000000,0.0000003943,10.0000000000,10.0000000000,1.0000000000,1.0000000000,50.0000000000
3.0000000000,22.0000000000,0.0000001515,10.0000000000,10.0000000000,1.0000000000,1.0000000000,50.0000000000
3.0000000000,23.0000000000,0.0000000753,10.0000000000,10.0000000000,1.0000000000,1.0000000000,50.0000000000
3.0000000000,24.0000000000,0.0000000266,10.0000000000,10.0000000000,1.0000000000,1.0000000000,50.0000000000
3.0000000000,25.0000000000,0.0000000040,10.0000000000,10.0000000000,1.0000000000,1.0000000000,50.0000000000
4.0000000000,0.0000000000,0.0000058823,10.0000000000,10.0000000000,1.0000000000,1.0000000000,50.0000000000
4.0000000000,1.0000000000,0.0000580811,10.0000000000,10.0000000000,1.0000000000,1.0000000000,50.0000000000
4.0000000000,2.0000000000,0.0002594886,10.0000000000,10.0000000000,1.0000000000,1.0000000000,50.0000000000
4.0000000000,3.0000000000,0.0007436910,10.0000000000,10.0000000000,1.0000000000,1.0000000000,50.0000000000
4.0000000000,4.0000000000,0.0015845734,10.0000000000,10.0000000000,1.0000000000,1.0000000000,50.0000000000
4.0000000000,5.0000000000,0.0026364727,10.0000000000,10.0000000000,1.0000000000,1.0000000000,50.0000000000
4.0000000000,6.0000000000,0.0036064516,10.0000000000,10.0000000000,1.0000000000,1.0000000000,50.0000000000
4.0000000000,7.0000000000,0.0041746774,10.0000000000,10.0000000000,1.0000000000,1.0000000000,50.0000000000
4.0000000000,8.0000000000,0.0042058031,10.0000000000,10.0000000000,1.0000000000,1.0000000000,50.0000000000
4.0000000000,9.0000000000,0.0037406974,10.0000000000,10.0000000000,1.0000000000,1.0000000000,50.0000000000
4.0000000000,10.0000000000,0.0029783292,10.0000000000,10.0000000000,1.0000000000,1.0000000000,50.0000000000
4.0000000000,11.0000000000,0.0021517856,10.0000000000,10.0000000000,1.0000000000,1.0000000000,50.0000000000
4.0000000000,12.0000000000,0.0014136425,10.0000000000,10.0000000000,1.0000000000,1.0000000000,50.0000000000
4.0000000000,13.0000000000,0.0008569592,10.0000000000,10.0000000000,1.0000000000,1.0000000000,50.0000000000
4.0000000000,14.0000000000,0.0004824259,10.0000000000,10.0000000000,1.0000000000,1.0000000000,50.0000000000
4.0000000000,15.0000000000,0.0002555264,10.0000000000,10.0000000000,1.0000000000,1.0000000000,50.0000000000
4.0000000000,16.0000000000,0.0001249858,10.0000000000,10.0000000000,1.0000000000,1.0000000000,50.0000000000
4.0000000000,17.0000000000,0.0000574498,10.0000000000,10.0000000000,1.0000000000,1.0000000000,50.0000000000
4.0000000000,18.0000000000,0.0000251720,10.0000000000,10.0000000000,1.0000000000,1.0000000000,50.0000000000
4.0000000000,19.0000000000,0.0000101054,10.0000000000,10.0000000000,1.0000000000,1.0000000000,50.0000000000
4.0000000000,20.0000000000,0.0000038903,10.0000000000,10.0000000000,1.0000000000,1.0000000000,50.0000000000
4.0000000000,21.0000000000,0.0000013434,10.0000000000,10.0000000000,1.0000000000,1.0000000000,50.0000000000
4.0000000000,22.0000000000,0.0000004605,10.0000000000,10.0000000000,1.0000000000,1.0000000000,50.0000000000
4.0000000000,23.0000000000,0.0000001488,10.0000000000,10.0000000000,1.0000000000,1.0000000000,50.0000000000
4.0000000000,24.0000000000,0.0000000373,10.0000000000,10.0000000000,1.0000000000,1.0000000000,50.0000000000
4.0000000000,25.0000000000,0.0000000304,10.0000000000,10.0000000000,1.0000000000,1.0000000000,50.0000000000
4.0000000000,26.0000000000,0.0000000019,10.0000000000,10.0000000000,1.0000000000,1.0000000000,50.0000000000
4.0000000000,27.0000000000,0.0000000158,10.0000000000,10.0000000000,1.0000000000,1.0000000000,50.0000000000
4.0000000000,28.0000000000,0.0000000072,10.0000000000,10.0000000000,1.0000000000,1.0000000000,50.0000000000
5.0000000000,0.0000000000,0.0000059838,10.0000000000,10.0000000000,1.0000000000,1.0000000000,50.0000000000
5.0000000000,1.0000000000,0.0000602392,10.0000000000,10.0000000000,1.0000000000,1.0000000000,50.0000000000
5.0000000000,2.0000000000,0.0003010047,10.0000000000,10.0000000000,1.0000000000,1.0000000000,50.0000000000
5.0000000000,3.0000000000,0.0009422231,10.0000000000,10.0000000000,1.0000000000,1.0000000000,50.0000000000
5.0000000000,4.0000000000,0.0021153612,10.0000000000,10.0000000000,1.0000000000,1.0000000000,50.0000000000
5.0000000000,5.0000000000,0.0037286505,10.0000000000,10.0000000000,1.0000000000,1.0000000000,50.0000000000
5.0000000000,6.0000000000,0.0054192529,10.0000000000,10.0000000000,1.0000000000,1.0000000000,50.0000000000
5.0000000000,7.0000000000,0.0066047244,10.0000000000,10.0000000000,1.0000000000,1.0000000000,50.0000000000
5.0000000000,8.0000000000,0.0069863956,10.0000000000,10.0000000000,1.0000000000,1.0000000000,50.0000000000
5.0000000000,9.0000000000,0.0065155202,10.0000000000,10.0000000000,1.0000000000,1.0000000000,50.0000000000
5.0000000000,10.0000000000,0.0054108674,10.0000000000,10.0000000000,1.0000000000,1.0000000000,50.0000000000
5.0000000000,11.0000000000,0.0040583665,10.0000000000,10.0000000000,1.0000000000,1.0000000000,50.0000000000
5.0000000000,12.0000000000,0.0027905651,10.0000000000,10.0000000000,1.0000000000,1.0000000000,50.0000000000
5.0000000000,13.0000000000,0.0017544442,10.0000000000,10.0000000000,1.0000000000,1.0000000000,50.0000000000
5.0000000000,14.0000000000,0.0010200053,10.0000000000,10.0000000000,1.0000000000,1.0000000000,50.0000000000
5.0000000000,15.0000000000,0.0005541768,10.0000000000,10.0000000000,1.0000000000,1.0000000000,50.0000000000
5.0000000000,16.0000000000,0.0002825545,10.0000000000,10.0000000000,1.0000000000,1.0000000000,50.0000000000
5.0000000000,17.0000000000,0.0001342479,10.0000000000,10.0000000000,1.0000000000,1.0000000000,50.0000000000
5.0000000000,18.0000000000,0.0000614912,10.0000000000,10.0000000000,1.0000000000,1.0000000000,50.0000000000
5.0000000000,19.0000000000,0.0000272237,10.0000000000,10.0000000000,1.0000000000,1.0000000000,50.0000000000
5.0000000000,20.0000000000,0.0000109673,10.0000000000,10.0000000000,1.0000000000,1.0000000000,50.0000000000
5.0000000000,21.0000000000,0.0000041295,10.0000000000,10.0000000000,1.0000000000,1.0000000000,50.0000000000
5.0000000000,22.0000000000,0.0000014430,10.0000000000,10.0000000000,1.0000000000,1.0000000000,50.0000000000
5.0000000000,23.0000000000,0.0000004922,10.0000000000,10.0000000000,1.0000000000,1.0000000000,50.0000000000
5.0000000000,24.0000000000,0.0000001345,10.0000000000,10.0000000000,1.0000000000,1.0000000000,50.0000000000
5.0000000000,25.0000000000,0.0000000567,10.0000000000,10.0000000000,1.0000000000,1.0000000000,50.0000000000
5.0000000000,26.0000000000,0.0000000241,10.0000000000,10.0000000000,1.0000000000,1.0000000000,50.0000000000
5.0000000000,27.0000000000,0.0000000324,10.0000000000,10.0000000000,1.0000000000,1.0000000000,50.0000000000
5.0000000000,28.0000000000,0.0000000065,10.0000000000,10.0000000000,1.0000000000,1.0000000000,50.0000000000
5.0000000000,29.0000000000,0.0000000052,10.0000000000,10.0000000000,1.0000000000,1.0000000000,50.0000000000
6.0000000000,0.0000000000,0.0000053526,10.0000000000,10.0000000000,1.0000000000,1.0000000000,50.0000000000
6.0000000000,1.0000000000,0.0000592637,10.0000000000,10.0000000000,1.0000000000,1.0000000000,50.0000000000
6.0000000000,2.0000000000,0.0003075490,10.0000000000,10.0000000000,1.0000000000,1.0000000000,50.0000000000
6.0000000000,3.0000000000,0.0010121602,10.0000000000,10.0000000000,1.0000000000,1.0000000000,50.0000000000
6.0000000000,4.0000000000,0.0024446089,10.0000000000,10.0000000000,1.0000000000,1.0000000000,50.0000000000
6.0000000000,5.0000000000,0.0045553202,10.0000000000,10.0000000000,1.0000000000,1.0000000000,50.0000000000
6.0000000000,6.0000000000,0.0069509041,10.0000000000,10.0000000000,1.0000000000,1.0000000000,50.0000000000
6.0000000000,7.0000000000,0.0089424826,10.0000000000,10.0000000000,1.0000000000,1.0000000000,50.0000000000
6.0000000000,8.0000000000,0.0098875812,10.0000000000,10.0000000000,1.0000000000,1.0000000000,50.0000000000
6.0000000000,9.0000000000,0.0096160318,10.0000000000,10.0000000000,1.0000000000,1.0000000000,50.0000000000
6.0000000000,10.0000000000,0.0083309373,10.0000000000,10.0000000000,1.0000000000,1.0000000000,50.0000000000
6.0000000000,11.0000000000,0.0065140258,10.0000000000,10.0000000000,1.0000000000,1.0000000000,50.0000000000
6.0000000000,12.0000000000,0.0046439855,10.0000000000,10.0000000000,1.0000000000,1.0000000000,50.0000000000
6.0000000000,13.0000000000,0.0030198511,10.0000000000,10.0000000000,1.0000000000,1.0000000000,50.0000000000
6.0000000000,14.0000000000,0.0018288075,10.0000000000,10.0000000000,1.0000000000,1.0000000000,50.0000000000
6.0000000000,15.0000000000,0.0010235168,10.0000000000,10.0000000000,1.0000000000,1.0000000000,50.0000000000
6.0000000000,16.0000000000,0.0005364276,10.0000000000,10.0000000000,1.0000000000,1.0000000000,50.0000000000
6.0000000000,17.0000000000,0.0002689498,10.0000000000,10.0000000000,1.0000000000,1.0000000000,50.0000000000
6.0000000000,18.0000000000,0.0001238819,10.0000000000,10.0000000000,1.0000000000,1.0000000000,50.0000000000
6.0000000000,19.0000000000,0.0000557791,10.0000000000,10.0000000000,1.0000000000,1.0000000000,50.0000000000
6.0000000000,20.0000000000,0.0000240410,10.0000000000,10.0000000000,1.0000000000,1.0000000000,50.0000000000
6.0000000000,21.0000000000,0.0000091960,10.0000000000,10.0000000000,1.0000000000,1.0000000000,50.0000000000
6.0000000000,22.0000000000,0.0000033715,10.0000000000,10.0000000000,1.0000000000,1.0000000000,50.0000000000
6.0000000000,23.0000000000,0.0000013274,10.0000000000,10.0000000000,1.0000000000,1.0000000000,50.0000000000
6.0000000000,24.0000000000,0.0000003681,10.0000000000,10.0000000000,1.0000000000,1.0000000000,50.0000000000
6.0000000000,25.0000000000,0.0000000900,10.0000000000,10.0000000000,1.0000000000,1.0000000000,50.0000000000
6.0000000000,26.0000000000,0.0000000538,10.0000000000,10.0000000000,1.0000000000,1.0000000000,50.0000000000
6.0000000000,27.0000000000,0.0000000295,10.0000000000,10.0000000000,1.0000000000,1.0000000000,50.0000000000
6.0000000000,28.0000000000,0.0000000122,10.0000000000,10.0000000000,1.0000000000,1.0000000000,50.0000000000
6.0000000000,29.0000000000,0.0000000165,10.0000000000,10.0000000000,1.0000000000,1.0000000000,50.0000000000
7.0000000000,0.0000000000,0.0000043443,10.0000000000,10.0000000000,1.0000000000,1.0000000000,50.0000000000
7.0000000000,1.0000000000,0.0000505903,10.0000000000,10.0000000000,1.0000000000,1.0000000000,50.0000000000
7.0000000000,2.0000000000,0.0002794882,10.0000000000,10.0000000000,1.0000000000,1.0000000000,50.0000000000
7.0000000000,3.0000000000,0.0009715078,10.0000000000,10.0000000000,1.0000000000,1.0000000000,50.0000000000
7.0000000000,4.0000000000,0.0024682826,10.0000000000,10.0000000000,1.0000000000,1.0000000000,50.0000000000
7.0000000000,5.0000000000,0.0048778297,10.0000000000,10.0000000000,1.0000000000,1.0000000000,50.0000000000
7.0000000000,6.0000000000,0.0078527718,10.0000000000,10.0000000000,1.0000000000,1.0000000000,50.0000000000
7.0000000000,7.0000000000,0.0105583399,10.0000000000,10.0000000000,1.0000000000,1.0000000000,50.0000000000
7.0000000000,8.0000000000,0.0122531168,10.0000000000,10.0000000000,1.0000000000,1.0000000000,50.0000000000
7.0000000000,9.0000000000,0.0124299785,10.0000000000,10.0000000000,1.0000000000,1.0000000000,50.0000000000
7.0000000000,10.0000000000,0.0112345999,10.0000000000,10.0000000000,1.0000000000,1.0000000000,50.0000000000
7.0000000000,11.0000000000,0.0091119161,10.0000000000,10.0000000000,1.0000000000,1.0000000000,50.0000000000
7.0000000000,12.0000000000,0.0067357690,10.0000000000,10.0000000000,1.0000000000,1.0000000000,50.0000000000
7.0000000000,13.0000000000,0.0045493880,10.0000000000,10.0000000000,1.0000000000,1.0000000000,50.0000000000
7.0000000000,14.0000000000,0.0028382706,10.0000000000,10.0000000000,1.0000000000,1.0000000000,50.0000000000
7.0000000000,15.0000000000,0.0016440459,10.0000000000,10.0000000000,1.0000000000,1.0000000000,50.0000000000
7.0000000000,16.0000000000,0.0008930464,10.0000000000,10.0000000000,1.0000000000,1.0000000000,50.0000000000
7.0000000000,17.0000000000,0.0004537289,10.0000000000,10.0000000000,1.0000000000,1.0000000000,50.0000000000
7.0000000000,18.0000000000,0.0002176282,10.0000000000,10.0000000000,1.0000000000,1.0000000000,50.0000000000
7.0000000000,19.0000000000,0.0000975207,10.0000000000,10.0000000000,1.0000000000,1.0000000000,50.0000000000
7.0000000000,20.0000000000,0.0000427693,10.0000000000,10.0000000000,1.0000000000,1.0000000000,50.0000000000
7.0000000000,21.0000000000,0.0000169869,10.0000000000,10.0000000000,1.0000000000,1.0000000000,50.0000000000
7.0000000000,22.0000000000,0.0000061890,10.0000000000,10.0000000000,1.0000000000,1.0000000000,50.0000000000
7.0000000000,23.0000000000,0.0000025829,10.0000000000,10.0000000000,1.0000000000,1.0000000000,50.0000000000
7.0000000000,24.0000000000,0.0000008491,10.0000000000,10.0000000000,1.0000000000,1.0000000000,50.0000000000
7.0000000000,25.0000000000,0.0000002017,10.0000000000,10.0000000000,1.0000000000,1.0000000000,50.0000000000
7.0000000000,26.0000000000,0.0000000482,10.0000000000,10.0000000000,1.0000000000,1.0000000000,50.0000000000
7.0000000000,27.0000000000,0.0000000483,10.0000000000,10.0000000000,1.0000000000,1.0000000000,50.0000000000
7.0000000000,28.0000000000,0.0000000174,10.0000000000,10.0000000000,1.0000000000,1.0000000000,50.0000000000
7.0000000000,29.0000000000,0.0000000127,10.0000000000,10.0000000000,1.0000000000,1.0000000000,50.0000000000
8.0000000000,0.0000000000,0.0000033734,10.0000000000,10.0000000000,1.0000000000,1.0000000000,50.0000000000
8.0000000000,1.0000000000,0.0000380421,10.0000000000,10.0000000000,1.0000000000,1.0000000000,50.0000000000
8.0000000000,2.0000000000,0.0002248539,10.0000000000,10.0000000000,1.0000000000,1.0000000000,50.0000000000
8.0000000000,3.0000000000,0.0008393509,10.0000000000,10.0000000000,1.0000000000,1.0000000000,50.0000000000
8.0000000000,4.0000000000,0.0022522383,10.0000000000,10.0000000000,1.0000000000,1.0000000000,50.0000000000
8.0000000000,5.0000000000,0.0046906135,10.0000000000,10.0000000000,1.0000000000,1.0000000000,50.0000000000
8.0000000000,6.0000000000,0.0079263302,10.0000000000,10.0000000000,1.0000000000,1.0000000000,50.0000000000
8.0000000000,7.0000000000,0.0111972356,10.0000000000,10.0000000000,1.0000000000,1.0000000000,50.0000000000
8.0000000000,8.0000000000,0.0135150565,10.0000000000,10.0000000000,1.0000000000,1.0000000000,50.0000000000
8.0000000000,9.0000000000,0.0143027915,10.0000000000,10.0000000000,1.0000000000,1.0000000000,50.0000000000
8.0000000000,10.0000000000,0.0134177774,10.0000000000,10.0000000000,1.0000000000,1.0000000000,50.0000000000
8.0000000000,11.0000000000,0.0113443138,10.0000000000,10.0000000000,1.0000000000,1.0000000000,50.0000000000
8.0000000000,12.0000000000,0.0086736405,10.0000000000,10.0000000000,1.0000000000,1.0000000000,50.0000000000
8.0000000000,13.0000000000,0.0060601275,10.0000000000,10.0000000000,1.0000000000,1.0000000000,50.0000000000
8.0000000000,14.0000000000,0.0039068397,10.0000000000,10.0000000000,1.0000000000,1.0000000000,50.0000000000
8.0000000000,15.0000000000,0.0023391577,10.0000000000,10.0000000000,1.0000000000,1.0000000000,50.0000000000
8.0000000000,16.0000000000,0.0012987493,10.0000000000,10.0000000000,1.0000000000,1.0000000000,50.0000000000
8.0000000000,17.0000000000,0.0006805078,10.0000000000,10.0000000000,1.0000000000,1.0000000000,50.0000000000
8.0000000000,18.0000000000,0.0003335966,10.0000000000,10.0000000000,1.0000000000,1.0000000000,50.0000000000
8.0000000000,19.0000000000,0.0001542413,10.0000000000,10.0000000000,1.0000000000,1.0000000000,50.0000000000
8.0000000000,20.0000000000,0.0000678502,10.0000000000,10.0000000000,1.0000000000,1.0000000000,50.0000000000
8.0000000000,21.0000000000,0.0000273418,10.0000000000,10.0000000000,1.0000000000,1.0000000000,50.0000000000
8.0000000000,22.0000000000,0.0000104059,10.0000000000,10.0000000000,1.0000000000,1.0000000000,50.0000000000
8.0000000000,23.0000000000,0.0000038899,10.0000000000,10.0000000000,1.0000000000,1.0000000000,50.0000000000
8.0000000000,24.0000000000,0.0000015601,10.0000000000,10.0000000000,1.0000000000,1.0000000000,50.0000000000
8.0000000000,25.0000000000,0.0000005485,10.0000000000,10.0000000000,1.0000000000,1.0000000000,50.0000000000
8.0000000000,26.0000000000,0.0000001598,10.0000000000,10.0000000000,1.0000000000,1.0000000000,50.0000000000
8.0000000000,27.0000000000,0.0000000415,10.0000000000,10.0000000000,1.0000000000,1.0000000000,50.0000000000
8.0000000000,28.0000000000,0.0000000324,10.0000000000,10.0000000000,1.0000000000,1.0000000000,50.0000000000
8.0000000000,29.0000000000,0.0000000254,10.0000000000,10.0000000000,1.0000000000,1.0000000000,50.0000000000
8.0000000000,30.0000000000,0.0000000075,10.0000000000,10.0000000000,1.0000000000,1.0000000000,50.0000000000
9.0000000000,0.0000000000,0.0000021698,10.0000000000,10.0000000000,1.0000000000,1.0000000000,50.0000000000
9.0000000000,1.0000000000,0.0000256992,10.0000000000,10.0000000000,1.0000000000,1.0000000000,50.0000000000
9.0000000000,2.0000000000,0.0001676126,10.0000000000,10.0000000000,1.0000000000,1.0000000000,50.0000000000
9.0000000000,3.0000000000,0.0006601904,10.0000000000,10.0000000000,1.0000000000,1.0000000000,50.0000000000
9.0000000000,4.0000000000,0.0018773039,10.0000000000,10.0000000000,1.0000000000,1.0000000000,50.0000000000
9.0000000000,5.0000000000,0.0041170569,10.0000000000,10.0000000000,1.0000000000,1.0000000000,50.0000000000
9.0000000000,6.0000000000,0.0072790874,10.0000000000,10.0000000000,1.0000000000,1.0000000000,50.0000000000
9.0000000000,7.0000000000,0.0107346358,10.0000000000,10.0000000000,1.0000000000,1.0000000000,50.0000000000
9.0000000000,8.0000000000,0.0135325293,10.0000000000,10.0000000000,1.0000000000,1.0000000000,50.0000000000
9.0000000000,9.0000000000,0.0149244970,10.0000000000,10.0000000000,1.0000000000,1.0000000000,50.0000000000
9.0000000000,10.0000000000,0.0145352183,10.0000000000,10.0000000000,1.0000000000,1.0000000000,50.0000000000
9.0000000000,11.0000000000,0.0127269784,10.0000000000,10.0000000000,1.0000000000,1.0000000000,50.0000000000
9.0000000000,12.0000000000,0.0100836164,10.0000000000,10.0000000000,1.0000000000,1.0000000000,50.0000000000
9.0000000000,13.0000000000,0.0072879739,10.0000000000,10.0000000000,1.0000000000,1.0000000000,50.0000000000
9.0000000000,14.0000000000,0.0048597678,10.0000000000,10.0000000000,1.0000000000,1.0000000000,50.0000000000
9.0000000000,15.0000000000,0.0029920398,10.0000000000,10.0000000000,1.0000000000,1.0000000000,50.0000000000
9.0000000000,16.0000000000,0.0017154995,10.0000000000,10.0000000000,1.0000000000,1.0000000000,50.0000000000
9.0000000000,17.0000000000,0.0009212024,10.0000000000,10.0000000000,1.0000000000,1.0000000000,50.0000000000
9.0000000000,18.0000000000,0.0004648464,10.0000000000,10.0000000000,1.0000000000,1.0000000000,50.0000000000
9.0000000000,19.0000000000,0.0002220867,10.0000000000,10.0000000000,1.0000000000,1.0000000000,50.0000000000
9.0000000000,20.0000000000,0.0000987634,10.0000000000,10.0000000000,1.0000000000,1.0000000000,50.0000000000
9.0000000000,21.0000000000,0.0000422826,10.0000000000,10.0000000000,1.0000000000,1.0000000000,50.0000000000
9.0000000000,22.0000000000,0.0000175741,10.0000000000,10.0000000000,1.0000000000,1.0000000000,50.0000000000
9.0000000000,23.0000000000,0.0000067932,10.0000000000,10.0000000000,1.0000000000,1.0000000000,50.0000000000
9.0000000000,24.0000000000,0.0000025495,10.0000000000,10.0000000000,1.0000000000,1.0000000000,50.0000000000
9.0000000000,25.0000000000,0.0000006687,10.0000000000,10.0000000000,1.0000000000,1.0000000000,50.0000000000
9.0000000000,26.0000000000,0.0000002692,10.0000000000,10.0000000000,1.0000000000,1.0000000000,50.0000000000
9.0000000000,27.0000000000,0.0000000565,10.0000000000,10.0000000000,1.0000000000,1.0000000000,50.0000000000
9.0000000000,28.0000000000,0.0000000169,10.0000000000,10.0000000000,1.0000000000,1.0000000000,50.0000000000
9.0000000000,29.0000000000,0.0000000210,10.0000000000,10.0000000000,1.0000000000,1.0000000000,50.0000000000
10.0000000000,0.0000000000,0.0000014478,10.0000000000,10.0000000000,1.0000000000,1.0000000000,50.0000000000
10.0000000000,1.0000000000,0.0000174270,10.0000000000,10.0000000000,1.0000000000,1.0000000000,50.0000000000
10.0000000000,2.0000000000,0.0001165806,10.0000000000,10.0000000000,1.0000000000,1.0000000000,50.0000000000
10.0000000000,3.0000000000,0.0004813704,10.0000000000,10.0000000000,1.0000000000,1.0000000000,50.0000000000
10.0000000000,4.0000000000,0.0014445169,10.0000000000,10.0000000000,1.0000000000,1.0000000000,50.0000000000
10.0000000000,5.0000000000,0.0033143405,10.0000000000,10.0000000000,1.0000000000,1.0000000000,50.0000000000
10.0000000000,6.0000000000,0.0061223720,10.0000000000,10.0000000000,1.0000000000,1.0000000000,50.0000000000
10.0000000000,7.0000000000,0.0094387351,10.0000000000,10.0000000000,1.0000000000,1.0000000000,50.0000000000
10.0000000000,8.0000000000,0.0124304239,10.0000000000,10.0000000000,1.0000000000,1.0000000000,50.0000000000
10.0000000000,9.0000000000,0.0142340566,10.0000000000,10.0000000000,1.0000000000,1.0000000000,50.0000000000
10.0000000000,10.0000000000,0.0144064789,10.0000000000,10.0000000000,1.0000000000,1.0000000000,50.0000000000
10.0000000000,11.0000000000,0.0130835407,10.0000000000,10.0000000000,1.0000000000,1.0000000000,50.0000000000
10.0000000000,12.0000000000,0.0107270323,10.0000000000,10.0000000000,1.0000000000,1.0000000000,50.0000000000
10.0000000000,13.0000000000,0.0080188581,10.0000000000,10.0000000000,1.0000000000,1.0000000000,50.0000000000
10.0000000000,14.0000000000,0.0055072088,10.0000000000,10.0000000000,1.0000000000,1.0000000000,50.0000000000
10.0000000000,15.0000000000,0.0034917444,10.0000000000,10.0000000000,1.0000000000,1.0000000000,50.0000000000
10.0000000000,16.0000000000,0.0020574705,10.0000000000,10.0000000000,1.0000000000,1.0000000000,50.0000000000
10.0000000000,17.0000000000,0.0011345704,10.0000000000,10.0000000000,1.0000000000,1.0000000000,50.0000000000
10.0000000000,18.0000000000,0.0005874086,10.0000000000,10.0000000000,1.0000000000,1.0000000000,50.0000000000
10.0000000000,19.0000000000,0.0002850376,10.0000000000,10.0000000000,1.0000000000,1.0000000000,50.0000000000
10.0000000000,20.0000000000,0.0001313724,10.0000000000,10.0000000000,1.0000000000,1.0000000000,50.0000000000
10.0000000000,21.0000000000,0.0000566542,10.0000000000,10.0000000000,1.0000000000,1.0000000000,50.0000000000
10.0000000000,22.0000000000,0.0000238585,10.0000000000,10.0000000000,1.0000000000,1.0000000000,50.0000000000
10.0000000000,23.0000000000,0.0000094435,10.0000000000,10.0000000000,1.0000000000,1.0000000000,50.0000000000
10.0000000000,24.0000000000,0.0000037692,10.0000000000,10.0000000000,1.0000000000,1.0000000000,50.0000000000
10.0000000000,25.0000000000,0.0000012550,10.0000000000,10.0000000000,1.0000000000,1.0000000000,50.0000000000
10.0000000000,26.0000000000,0.0000003904,10.0000000000,10.0000000000,1.0000000000,1.0000000000,50.0000000000
10.0000000000,27.0000000000,0.0000001382,10.0000000000,10.0000000000,1.0000000000,1.0000000000,50.0000000000
10.0000000000,28.0000000000,0.0000000679,10.0000000000,10.0000000000,1.0000000000,1.0000000000,50.0000000000
10.0000000000,29.0000000000,0.0000000407,10.0000000000,10.0000000000,1.0000000000,1.0000000000,50.0000000000
10.0000000000,30.0000000000,0.0000000079,10.0000000000,10.0000000000,1.0000000000,1.0000000000,50.0000000000
11.0000000000,0.0000000000,0.0000006272,10.0000000000,10.0000000000,1.0000000000,1.0000000000,50.0000000000
11.0000000000,1.0000000000,0.0000108352,10.0000000000,10.0000000000,1.0000000000,1.0000000000,50.0000000000
11.0000000000,2.0000000000,0.0000731937,10.0000000000,10.0000000000,1.0000000000,1.0000000000,50.0000000000
11.0000000000,3.0000000000,0.0003273345,10.0000000000,10.0000000000,1.0000000000,1.0000000000,50.0000000000
11.0000000000,4.0000000000,0.0010310536,10.0000000000,10.0000000000,1.0000000000,1.0000000000,50.0000000000
11.0000000000,5.0000000000,0.0024708012,10.0000000000,10.0000000000,1.0000000000,1.0000000000,50.0000000000
11.0000000000,6.0000000000,0.0047805330,10.0000000000,10.0000000000,1.0000000000,1.0000000000,50.0000000000
11.0000000000,7.0000000000,0.0076929156,10.0000000000,10.0000000000,1.0000000000,1.0000000000,50.0000000000
11.0000000000,8.0000000000,0.0105504726,10.0000000000,10.0000000000,1.0000000000,1.0000000000,50.0000000000
11.0000000000,9.0000000000,0.0125534415,10.0000000000,10.0000000000,1.0000000000,1.0000000000,50.0000000000
11.0000000000,10.0000000000,0.0131855677,10.0000000000,10.0000000000,1.0000000000,1.0000000000,50.0000000000
11.0000000000,11.0000000000,0.0123855672,10.0000000000,10.0000000000,1.0000000000,1.0000000000,50.0000000000
11.0000000000,12.0000000000,0.0104937748,10.0000000000,10.0000000000,1.0000000000,1.0000000000,50.0000000000
11.0000000000,13.0000000000,0.0081059939,10.0000000000,10.0000000000,1.0000000000,1.0000000000,50.0000000000
11.0000000000,14.0000000000,0.0057438776,10.0000000000,10.0000000000,1.0000000000,1.0000000000,50.0000000000
11.0000000000,15.0000000000,0.0037416357,10.0000000000,10.0000000000,1.0000000000,1.0000000000,50.0000000000
11.0000000000,16.0000000000,0.0022699193,10.0000000000,10.0000000000,1.0000000000,1.0000000000,50.0000000000
11.0000000000,17.0000000000,0.0012872573,10.0000000000,10.0000000000,1.0000000000,1.0000000000,50.0000000000
11.0000000000,18.0000000000,0.0006847098,10.0000000000,10.0000000000,1.0000000000,1.0000000000,50.0000000000
11.0000000000,19.0000000000,0.0003412830,10.0000000000,10.0000000000,1.0000000000,1.0000000000,50.0000000000
11.0000000000,20.0000000000,0.0001594356,10.0000000000,10.0000000000,1.0000000000,1.0000000000,50.0000000000
11.0000000000,21.0000000000,0.0000718266,10.0000000000,10.0000000000,1.0000000000,1.0000000000,50.0000000000
11.0000000000,22.0000000000,0.0000302416,10.0000000000,10.0000000000,1.0000000000,1.0000000000,50.0000000000
11.0000000000,23.0000000000,0.0000125989,10.0000000000,10.0000000000,1.0000000000,1.0000000000,50.0000000000
11.0000000000,24.0000000000,0.0000046229,10.0000000000,10.0000000000,1.0000000000,1.0000000000,50.0000000000
11.0000000000,25.0000000000,0.0000018751,10.0000000000,10.0000000000,1.0000000000,1.0000000000,50.0000000000
11.0000000000,26.0000000000,0.0000006846,10.0000000000,10.0000000000,1.0000000000,1.0000000000,50.0000000000
11.0000000000,27.0000000000,0.0000002240,10.0000000000,10.0000000000,1.0000000000,1.0000000000,50.0000000000
11.0000000000,28.0000000000,0.0000000664,10.0000000000,10.0000000000,1.0000000000,1.0000000000,50.0000000000
11.0000000000,29.0000000000,0.0000000278,10.0000000000,10.0000000000,1.0000000000,1.0000000000,50.0000000000
11.0000000000,30.0000000000,0.0000000068,10.0000000000,10.0000000000,1.0000000000,1.0000000000,50.0000000000
12.0000000000,0.0000000000,0.0000003598,10.0000000000,10.0000000000,1.0000000000,1.0000000000,50.0000000000
12.0000000000,1.0000000000,0.0000067339,10.0000000000,10.0000000000,1.0000000000,1.0000000000,50.0000000000
12.0000000000,2.0000000000,0.0000448628,10.0000000000,10.0000000000,1.0000000000,1.0000000000,50.0000000000
12.0000000000,3.0000000000,0.0002068635,10.0000000000,10.0000000000,1.0000000000,1.0000000000,50.0000000000
12.0000000000,4.0000000000,0.0006878520,10.0000000000,10.0000000000,1.0000000000,1.0000000000,50.0000000000
12.0000000000,5.0000000000,0.0017260547,10.0000000000,10.0000000000,1.0000000000,1.0000000000,50.0000000000
12.0000000000,6.0000000000,0.0034836850,10.0000000000,10.0000000000,1.0000000000,1.0000000000,50.0000000000
12.0000000000,7.0000000000,0.0058425409,10.0000000000,10.0000000000,1.0000000000,1.0000000000,50.0000000000
12.0000000000,8.0000000000,0.0083256741,10.0000000000,10.0000000000,1.0000000000,1.0000000000,50.0000000000
12.0000000000,9.0000000000,0.0103012437,10.0000000000,10.0000000000,1.0000000000,1.0000000000,50.0000000000
12.0000000000,10.0000000000,0.0112185698,10.0000000000,10.0000000000,1.0000000000,1.0000000000,50.0000000000
12.0000000000,11.0000000000,0.0108950957,10.0000000000,10.0000000000,1.0000000000,1.0000000000,50.0000000000
12.0000000000,12.0000000000,0.0095265355,10.0000000000,10.0000000000,1.0000000000,1.0000000000,50.0000000000
12.0000000000,13.0000000000,0.0076007734,10.0000000000,10.0000000000,1.0000000000,1.0000000000,50.0000000000
12.0000000000,14.0000000000,0.0055463545,10.0000000000,10.0000000000,1.0000000000,1.0000000000,50.0000000000
12.0000000000,15.0000000000,0.0037342948,10.0000000000,10.0000000000,1.0000000000,1.0000000000,50.0000000000
12.0000000000,16.0000000000,0.0023206714,10.0000000000,10.0000000000,1.0000000000,1.0000000000,50.0000000000
12.0000000000,17.0000000000,0.0013465485,10.0000000000,10.0000000000,1.0000000000,1.0000000000,50.0000000000
12.0000000000,18.0000000000,0.0007365606,10.0000000000,10.0000000000,1.0000000000,1.0000000000,50.0000000000
12.0000000000,19.0000000000,0.0003745936,10.0000000000,10.0000000000,1.0000000000,1.0000000000,50.0000000000
12.0000000000,20.0000000000,0.0001796213,10.0000000000,10.0000000000,1.0000000000,1.0000000000,50.0000000000
12.0000000000,21.0000000000,0.0000812737,10.0000000000,10.0000000000,1.0000000000,1.0000000000,50.0000000000
12.0000000000,22.0000000000,0.0000353569,10.0000000000,10.0000000000,1.0000000000,1.0000000000,50.0000000000
12.0000000000,23.0000000000,0.0000148224,10.0000000000,10.0000000000,1.0000000000,1.0000000000,50.0000000000
12.0000000000,24.0000000000,0.0000055826,10.0000000000,10.0000000000,1.0000000000,1.0000000000,50.0000000000
12.0000000000,25.0000000000,0.0000020276,10.0000000000,10.0000000000,1.0000000000,1.0000000000,50.0000000000
12.0000000000,26.0000000000,0.0000006433,10.0000000000,10.0000000000,1.0000000000,1.0000000000,50.0000000000
12.0000000000,27.0000000000,0.0000002793,10.0000000000,10.0000000000,1.0000000000,1.0000000000,50.0000000000
12.0000000000,28.0000000000,0.0000000747,10.0000000000,10.0000000000,1.0000000000,1.0000000000,50.0000000000
12.0000000000,29.0000000000,0.0000000219,10.0000000000,10.0000000000,1.0000000000,1.0000000000,50.0000000000
12.0000000000,30.0000000000,0.0000000239,10.0000000000,10.0000000000,1.0000000000,1.0000000000,50.0000000000
12.0000000000,31.0000000000,0.0000000003,10.0000000000,10.0000000000,1.0000000000,1.0000000000,50.0000000000
12.0000000000,32.0000000000,0.0000000039,10.0000000000,10.0000000000,1.0000000000,1.0000000000,50.0000000000
13.0000000000,0.0000000000,0.0000002454,10.0000000000,10.0000000000,1.0000000000,1.0000000000,50.0000000000
13.0000000000,1.0000000000,0.0000038600,10.0000000000,10.0000000000,1.0000000000,1.0000000000,50.0000000000
13.0000000000,2.0000000000,0.0000264502,10.0000000000,10.0000000000,1.0000000000,1.0000000000,50.0000000000
13.0000000000,3.0000000000,0.0001253242,10.0000000000,10.0000000000,1.0000000000,1.0000000000,50.0000000000
13.0000000000,4.0000000000,0.0004328810,10.0000000000,10.0000000000,1.0000000000,1.0000000000,50.0000000000
13.0000000000,5.0000000000,0.0011430918,10.0000000000,10.0000000000,1.0000000000,1.0000000000,50.0000000000
13.0000000000,6.0000000000,0.0023964737,10.0000000000,10.0000000000,1.0000000000,1.0000000000,50.0000000000
13.0000000000,7.0000000000,0.0041656728,10.0000000000,10.0000000000,1.0000000000,1.0000000000,50.0000000000
13.0000000000,8.0000000000,0.0061924649,10.0000000000,10.0000000000,1.0000000000,1.0000000000,50.0000000000
13.0000000000,9.0000000000,0.0079503709,10.0000000000,10.0000000000,1.0000000000,1.0000000000,50.0000000000
13.0000000000,10.0000000000,0.0089395238,10.0000000000,10.0000000000,1.0000000000,1.0000000000,50.0000000000
13.0000000000,11.0000000000,0.0089751679,10.0000000000,10.0000000000,1.0000000000,1.0000000000,50.0000000000
13.0000000000,12.0000000000,0.0081119625,10.0000000000,10.0000000000,1.0000000000,1.0000000000,50.0000000000
13.0000000000,13.0000000000,0.0066544319,10.0000000000,10.0000000000,1.0000000000,1.0000000000,50.0000000000
13.0000000000,14.0000000000,0.0050004786,10.0000000000,10.0000000000,1.0000000000,1.0000000000,50.0000000000
13.0000000000,15.0000000000,0.0034690554,10.0000000000,10.0000000000,1.0000000000,1.0000000000,50.0000000000
13.0000000000,16.0000000000,0.0022162669,10.0000000000,10.0000000000,1.0000000000,1.0000000000,50.0000000000
13.0000000000,17.0000000000,0.0013202109,10.0000000000,10.0000000000,1.0000000000,1.0000000000,50.0000000000
13.0000000000,18.0000000000,0.0007354806,10.0000000000,10.0000000000,1.0000000000,1.0000000000,50.0000000000
13.0000000000,19.0000000000,0.0003849036,10.0000000000,10.0000000000,1.0000000000,1.0000000000,50.0000000000
13.0000000000,20.0000000000,0.0001910874,10.0000000000,10.0000000000,1.0000000000,1.0000000000,50.0000000000
13.0000000000,21.0000000000,0.0000887129,10.0000000000,10.0000000000,1.0000000000,1.0000000000,50.0000000000
13.0000000000,22.0000000000,0.0000401271,10.0000000000,10.0000000000,1.0000000000,1.0000000000,50.0000000000
13.0000000000,23.0000000000,0.0000168778,10.0000000000,10.0000000000,1.0000000000,1.0000000000,50.0000000000
13.0000000000,24.0000000000,0.0000065607,10.0000000000,10.0000000000,1.0000000000,1.0000000000,50.0000000000
13.0000000000,25.0000000000,0.0000026572,10.0000000000,10.0000000000,1.0000000000,1.0000000000,50.0000000000
13.0000000000,26.0000000000,0.0000008538,10.0000000000,10.0000000000,1.0000000000,1.0000000000,50.0000000000
13.0000000000,27.0000000000,0.0000003043,10.0000000000,10.0000000000,1.0000000000,1.0000000000,50.0000000000
13.0000000000,28.0000000000,0.0000001188,10.0000000000,10.0000000000,1.0000000000,1.0000000000,50.0000000000
13.0000000000,29.0000000000,0.0000000458,10.0000000000,10.0000000000,1.0000000000,1.0000000000,50.0000000000
13.0000000000,30.0000000000,0.0000000216,10.0000000000,10.0000000000,1.0000000000,1.0000000000,50.0000000000
13.0000000000,32.0000000000,0.0000000109,10.0000000000,10.0000000000,1.0000000000,1.0000000000,50.0000000000
14.0000000000,0.0000000000,0.0000000973,10.0000000000,10.0000000000,1.0000000000,1.0000000000,50.0000000000
14.0000000000,1.0000000000,0.0000020379,10.0000000000,10.0000000000,1.0000000000,1.0000000000,50.0000000000
14.0000000000,2.0000000000,0.0000143709,10.0000000000,10.0000000000,1.0000000000,1.0000000000,50.0000000000
14.0000000000,3.0000000000,0.0000735570,10.0000000000,10.0000000000,1.0000000000,1.0000000000,50.0000000000
14.0000000000,4.0000000000,0.0002585071,10.0000000000,10.0000000000,1.0000000000,1.0000000000,50.0000000000
14.0000000000,5.0000000000,0.0007075883,10.0000000000,10.0000000000,1.0000000000,1.0000000000,50.0000000000
14.0000000000,6.0000000000,0.0015526002,10.0000000000,10.0000000000,1.0000000000,1.0000000000,50.0000000000
14.0000000000,7.0000000000,0.0028115251,10.0000000000,10.0000000000,1.0000000000,1.0000000000,50.0000000000
14.0000000000,8.0000000000,0.0043331957,10.0000000000,10.0000000000,1.0000000000,1.0000000000,50.0000000000
14.0000000000,9.0000000000,0.0057706471,10.0000000000,10.0000000000,1.0000000000,1.0000000000,50.0000000000
14.0000000000,10.0000000000,0.0067283411,10.0000000000,10.0000000000,1.0000000000,1.0000000000,50.0000000000
14.0000000000,11.0000000000,0.0069779412,10.0000000000,10.0000000000,1.0000000000,1.0000000000,50.0000000000
14.0000000000,12.0000000000,0.0064893295,10.0000000000,10.0000000000,1.0000000000,1.0000000000,50.0000000000
14.0000000000,13.0000000000,0.0054893952,10.0000000000,10.0000000000,1.0000000000,1.0000000000,50.0000000000
14.0000000000,14.0000000000,0.0042423656,10.0000000000,10.0000000000,1.0000000000,1.0000000000,50.0000000000
14.0000000000,15.0000000000,0.0030168602,10.0000000000,10.0000000000,1.0000000000,1.0000000000,50.0000000000
14.0000000000,16.0000000000,0.0019827954,10.0000000000,10.0000000000,1.0000000000,1.0000000000,50.0000000000
14.0000000000,17.0000000000,0.0012149053,10.0000000000,10.0000000000,1.0000000000,1.0000000000,50.0000000000
14.0000000000,18.0000000000,0.0006932472,10.0000000000,10.0000000000,1.0000000000,1.0000000000,50.0000000000
14.0000000000,19.0000000000,0.0003684922,10.0000000000,10.0000000000,1.0000000000,1.0000000000,50.0000000000
14.0000000000,20.0000000000,0.0001867666,10.0000000000,10.0000000000,1.0000000000,1.0000000000,50.0000000000
14.0000000000,21.0000000000,0.0000901676,10.0000000000,10.0000000000,1.0000000000,1.0000000000,50.0000000000
14.0000000000,22.0000000000,0.0000414149,10.0000000000,10.0000000000,1.0000000000,1.0000000000,50.0000000000
14.0000000000,23.0000000000,0.0000180390,10.0000000000,10.0000000000,1.0000000000,1.0000000000,50.0000000000
14.0000000000,24.0000000000,0.0000073635,10.0000000000,10.0000000000,1.0000000000,1.0000000000,50.0000000000
14.0000000000,25.0000000000,0.0000027678,10.0000000000,10.0000000000,1.0000000000,1.0000000000,50.0000000000
14.0000000000,26.0000000000,0.0000011631,10.0000000000,10.0000000000,1.0000000000,1.0000000000,50.0000000000
14.0000000000,27.0000000000,0.0000004094,10.0000000000,10.0000000000,1.0000000000,1.0000000000,50.0000000000
14.0000000000,28.0000000000,0.0000001173,10.0000000000,10.0000000000,1.0000000000,1.0000000000,50.0000000000
14.0000000000,29.0000000000,0.0000000290,10.0000000000,10.0000000000,1.0000000000,1.0000000000,50.0000000000
14.0000000000,30.0000000000,0.0000000094,10.0000000000,10.0000000000,1.0000000000,1.0000000000,50.0000000000
14.0000000000,31.0000000000,0.0000000005,10.0000000000,10.0000000000,1.0000000000,1.0000000000,50.0000000000
14.0000000000,32.0000000000,0.0000000006,10.0000000000,10.0000000000,1.0000000000,1.0000000000,50.0000000000
15.0000000000,0.0000000000,0.0000000722,10.0000000000,10.0000000000,1.0000000000,1.0000000000,50.0000000000
15.0000000000,1.0000000000,0.0000009740,10.0000000000,10.0000000000,1.0000000000,1.0000000000,50.0000000000
15.0000000000,2.0000000000,0.0000075776,10.0000000000,10.0000000000,1.0000000000,1.0000000000,50.0000000000
15.0000000000,3.0000000000,0.0000392207,10.0000000000,10.0000000000,1.0000000000,1.0000000000,50.0000000000
15.0000000000,4.0000000000,0.0001457611,10.0000000000,10.0000000000,1.0000000000,1.0000000000,50.0000000000
15.0000000000,5.0000000000,0.0004212987,10.0000000000,10.0000000000,1.0000000000,1.0000000000,50.0000000000
15.0000000000,6.0000000000,0.0009591534,10.0000000000,10.0000000000,1.0000000000,1.0000000000,50.0000000000
15.0000000000,7.0000000000,0.0018067641,10.0000000000,10.0000000000,1.0000000000,1.0000000000,50.0000000000
15.0000000000,8.0000000000,0.0028834068,10.0000000000,10.0000000000,1.0000000000,1.0000000000,50.0000000000
15.0000000000,9.0000000000,0.0039552538,10.0000000000,10.0000000000,1.0000000000,1.0000000000,50.0000000000
15.0000000000,10.0000000000,0.0047553575,10.0000000000,10.0000000000,1.0000000000,1.0000000000,50.0000000000
15.0000000000,11.0000000000,0.0050966047,10.0000000000,10.0000000000,1.0000000000,1.0000000000,50.0000000000
15.0000000000,12.0000000000,0.0048977678,10.0000000000,10.0000000000,1.0000000000,1.0000000000,50.0000000000
15.0000000000,13.0000000000,0.0042747137,10.0000000000,10.0000000000,1.0000000000,1.0000000000,50.0000000000
15.0000000000,14.0000000000,0.0033898416,10.0000000000,10.0000000000,1.0000000000,1.0000000000,50.0000000000
15.0000000000,15.0000000000,0.0024688415,10.0000000000,10.0000000000,1.0000000000,1.0000000000,50.0000000000
15.0000000000,16.0000000000,0.0016729029,10.0000000000,10.0000000000,1.0000000000,1.0000000000,50.0000000000
15.0000000000,17.0000000000,0.0010468630,10.0000000000,10.0000000000,1.0000000000,1.0000000000,50.0000000000
15.0000000000,18.0000000000,0.0006146832,10.0000000000,10.0000000000,1.0000000000,1.0000000000,50.0000000000
15.0000000000,19.0000000000,0.0003374390,10.0000000000,10.0000000000,1.0000000000,1.0000000000,50.0000000000
15.0000000000,20.0000000000,0.0001716691,10.0000000000,10.0000000000,1.0000000000,1.0000000000,50.0000000000
15.0000000000,21.0000000000,0.0000839027,10.0000000000,10.0000000000,1.0000000000,1.0000000000,50.0000000000
15.0000000000,22.0000000000,0.0000392504,10.0000000000,10.0000000000,1.0000000000,1.0000000000,50.0000000000
15.0000000000,23.0000000000,0.0000175555,10.0000000000,10.0000000000,1.0000000000,1.0000000000,50.0000000000
15.0000000000,24.0000000000,0.0000073823,10.0000000000,10.0000000000,1.0000000000,1.0000000000,50.0000000000
15.0000000000,25.0000000000,0.0000030873,10.0000000000,10.0000000000,1.0000000000,1.0000000000,50.0000000000
15.0000000000,26.0000000000,0.0000011524,10.0000000000,10.0000000000,1.0000000000,1.0000000000,50.0000000000
15.0000000000,27.0000000000,0.0000003991,10.0000000000,10.0000000000,1.0000000000,1.0000000000,50.0000000000
15.0000000000,28.0000000000,0.0000001551,10.0000000000,10.0000000000,1.0000000000,1.0000000000,50.0000000000
15.0000000000,29.0000000000,0.0000000372,10.0000000000,10.0000000000,1.0000000000,1.0000000000,50.0000000000
15.0000000000,30.0000000000,0.0000000037,10.0000000000,10.0000000000,1.0000000000,1.0000000000,50.0000000000
15.0000000000,31.0000000000,0.0000000027,10.0000000000,10.0000000000,1.0000000000,1.0000000000,50.0000000000
16.0000000000,0.0000000000,0.0000000029,10.0000000000,10.0000000000,1.0000000000,1.0000000000,50.0000000000
16.0000000000,1.0000000000,0.0000005184,10.0000000000,10.0000000000,1.0000000000,1.0000000000,50.0000000000
16.0000000000,2.0000000000,0.0000041624,10.0000000000,10.0000000000,1.0000000000,1.0000000000,50.0000000000
16.0000000000,3.0000000000,0.0000206087,10.0000000000,10.0000000000,1.0000000000,1.0000000000,50.0000000000
16.0000000000,4.0000000000,0.0000797395,10.0000000000,10.0000000000,1.0000000000,1.0000000000,50.0000000000
16.0000000000,5.0000000000,0.0002347411,10.0000000000,10.0000000000,1.0000000000,1.0000000000,50.0000000000
16.0000000000,6.0000000000,0.0005652736,10.0000000000,10.0000000000,1.0000000000,1.0000000000,50.0000000000
16.0000000000,7.0000000000,0.0011014747,10.0000000000,10.0000000000,1.0000000000,1.0000000000,50.0000000000
16.0000000000,8.0000000000,0.0018231309,10.0000000000,10.0000000000,1.0000000000,1.0000000000,50.0000000000
16.0000000000,9.0000000000,0.0025804658,10.0000000000,10.0000000000,1.0000000000,1.0000000000,50.0000000000
16.0000000000,10.0000000000,0.0032045710,10.0000000000,10.0000000000,1.0000000000,1.0000000000,50.0000000000
16.0000000000,11.0000000000,0.0035393782,10.0000000000,10.0000000000,1.0000000000,1.0000000000,50.0000000000
16.0000000000,12.0000000000,0.0034943719,10.0000000000,10.0000000000,1.0000000000,1.0000000000,50.0000000000
16.0000000000,13.0000000000,0.0031460682,10.0000000000,10.0000000000,1.0000000000,1.0000000000,50.0000000000
16.0000000000,14.0000000000,0.0025707832,10.0000000000,10.0000000000,1.0000000000,1.0000000000,50.0000000000
16.0000000000,15.0000000000,0.0019256516,10.0000000000,10.0000000000,1.0000000000,1.0000000000,50.0000000000
16.0000000000,16.0000000000,0.0013290772,10.0000000000,10.0000000000,1.0000000000,1.0000000000,50.0000000000
16.0000000000,17.0000000000,0.0008560949,10.0000000000,10.0000000000,1.0000000000,1.0000000000,50.0000000000
16.0000000000,18.0000000000,0.0005155475,10.0000000000,10.0000000000,1.0000000000,1.0000000000,50.0000000000
16.0000000000,19.0000000000,0.0002869547,10.0000000000,10.0000000000,1.0000000000,1.0000000000,50.0000000000
16.0000000000,20.0000000000,0.0001529407,10.0000000000,10.0000000000,1.0000000000,1.0000000000,50.0000000000
16.0000000000,21.0000000000,0.0000754891,10.0000000000,10.0000000000,1.0000000000,1.0000000000,50.0000000000
16.0000000000,22.0000000000,0.0000361690,10.0000000000,10.0000000000,1.0000000000,1.0000000000,50.0000000000
16.0000000000,23.0000000000,0.0000165868,10.0000000000,10.0000000000,1.0000000000,1.0000000000,50.0000000000
16.0000000000,24.0000000000,0.0000066729,10.0000000000,10.0000000000,1.0000000000,1.0000000000,50.0000000000
16.0000000000,25.0000000000,0.0000028050,10.0000000000,10.0000000000,1.0000000000,1.0000000000,50.0000000000
16.0000000000,26.0000000000,0.0000011735,10.0000000000,10.0000000000,1.0000000000,1.0000000000,50.0000000000
16.0000000000,27.0000000000,0.0000004289,10.0000000000,10.0000000000,1.0000000000,1.0000000000,50.0000000000
16.0000000000,28.0000000000,0.0000001470,10.0000000000,10.0000000000,1.0000000000,1.0000000000,50.0000000000
16.0000000000,29.0000000000,0.0000000294,10.0000000000,10.0000000000,1.0000000000,1.0000000000,50.0000000000
16.0000000000,30.0000000000,0.0000000025,10.0000000000,10.0000000000,1.0000000000,1.0000000000,50.0000000000
17.0000000000,1.0000000000,0.0000002061,10.0000000000,10.0000000000,1.0000000000,1.0000000000,50.0000000000
17.0000000000,2.0000000000,0.0000018200,10.0000000000,10.0000000000,1.0000000000,1.0000000000,50.0000000000
17.0000000000,3.0000000000,0.0000103038,10.0000000000,10.0000000000,1.0000000000,1.0000000000,50.0000000000
17.0000000000,4.0000000000,0.0000425938,10.0000000000,10.0000000000,1.0000000000,1.0000000000,50.0000000000
17.0000000000,5.0000000000,0.0001284553,10.0000000000,10.0000000000,1.0000000000,1.0000000000,50.0000000000
17.0000000000,6.0000000000,0.0003152113,10.0000000000,10.0000000000,1.0000000000,1.0000000000,50.0000000000
17.0000000000,7.0000000000,0.0006405961,10.0000000000,10.0000000000,1.0000000000,1.0000000000,50.0000000000
17.0000000000,8.0000000000,0.0010960687,10.0000000000,10.0000000000,1.0000000000,1.0000000000,50.0000000000
17.0000000000,9.0000000000,0.0016036738,10.0000000000,10.0000000000,1.0000000000,1.0000000000,50.0000000000
17.0000000000,10.0000000000,0.0020595712,10.0000000000,10.0000000000,1.0000000000,1.0000000000,50.0000000000
17.0000000000,11.0000000000,0.0023539731,10.0000000000,10.0000000000,1.0000000000,1.0000000000,50.0000000000
17.0000000000,12.0000000000,0.0023852061,10.0000000000,10.0000000000,1.0000000000,1.0000000000,50.0000000000
17.0000000000,13.0000000000,0.0022042800,10.0000000000,10.0000000000,1.0000000000,1.0000000000,50.0000000000
17.0000000000,14.0000000000,0.0018511450,10.0000000000,10.0000000000,1.0000000000,1.0000000000,50.0000000000
17.0000000000,15.0000000000,0.0014219694,10.0000000000,10.0000000000,1.0000000000,1.0000000000,50.0000000000
17.0000000000,16.0000000000,0.0010092814,10.0000000000,10.0000000000,1.0000000000,1.0000000000,50.0000000000
17.0000000000,17.0000000000,0.0006669243,10.0000000000,10.0000000000,1.0000000000,1.0000000000,50.0000000000
17.0000000000,18.0000000000,0.0004073269,10.0000000000,10.0000000000,1.0000000000,1.0000000000,50.0000000000
17.0000000000,19.0000000000,0.0002337226,10.0000000000,10.0000000000,1.0000000000,1.0000000000,50.0000000000
17.0000000000,20.0000000000,0.0001245810,10.0000000000,10.0000000000,1.0000000000,1.0000000000,50.0000000000
17.0000000000,21.0000000000,0.0000639901,10.0000000000,10.0000000000,1.0000000000,1.0000000000,50.0000000000
17.0000000000,22.0000000000,0.0000311292,10.0000000000,10.0000000000,1.0000000000,1.0000000000,50.0000000000
17.0000000000,23.0000000000,0.0000143025,10.0000000000,10.0000000000,1.0000000000,1.0000000000,50.0000000000
17.0000000000,24.0000000000,0.0000059574,10.0000000000,10.0000000000,1.0000000000,1.0000000000,50.0000000000
17.0000000000,25.0000000000,0.0000025178,10.0000000000,10.0000000000,1.0000000000,1.0000000000,50.0000000000
17.0000000000,26.0000000000,0.0000010277,10.0000000000,10.0000000000,1.0000000000,1.0000000000,50.0000000000
17.0000000000,27.0000000000,0.0000004747,10.0000000000,10.0000000000,1.0000000000,1.0000000000,50.0000000000
17.0000000000,28.0000000000,0.0000001208,10.0000000000,10.0000000000,1.0000000000,1.0000000000,50.0000000000
17.0000000000,29.0000000000,0.0000000304,10.0000000000,10.0000000000,1.0000000000,1.0000000000,50.0000000000
17.0000000000,30.0000000000,0.0000000103,10.0000000000,10.0000000000,1.0000000000,1.0000000000,50.0000000000
18.0000000000,1.0000000000,0.0000000603,10.0000000000,10.0000000000,1.0000000000,1.0000000000,50.0000000000
18.0000000000,2.0000000000,0.0000010479,10.0000000000,10.0000000000,1.0000000000,1.0000000000,50.0000000000
18.0000000000,3.0000000000,0.0000052608,10.0000000000,10.0000000000,1.0000000000,1.0000000000,50.0000000000
18.0000000000,4.0000000000,0.0000218595,10.0000000000,10.0000000000,1.0000000000,1.0000000000,50.0000000000
18.0000000000,5.0000000000,0.0000676548,10.0000000000,10.0000000000,1.0000000000,1.0000000000,50.0000000000
18.0000000000,6.0000000000,0.0001704801,10.0000000000,10.0000000000,1.0000000000,1.0000000000,50.0000000000
18.0000000000,7.0000000000,0.0003587352,10.0000000000,10.0000000000,1.0000000000,1.0000000000,50.0000000000
18.0000000000,8.0000000000,0.0006263340,10.0000000000,10.0000000000,1.0000000000,1.0000000000,50.0000000000
18.0000000000,9.0000000000,0.0009558742,10.0000000000,10.0000000000,1.0000000000,1.0000000000,50.0000000000
18.0000000000,10.0000000000,0.0012683378,10.0000000000,10.0000000000,1.0000000000,1.0000000000,50.0000000000
18.0000000000,11.0000000000,0.0014867230,10.0000000000,10.0000000000,1.0000000000,1.0000000000,50.0000000000
18.0000000000,12.0000000000,0.0015563516,10.0000000000,10.0000000000,1.0000000000,1.0000000000,50.0000000000
18.0000000000,13.0000000000,0.0014762602,10.0000000000,10.0000000000,1.0000000000,1.0000000000,50.0000000000
18.0000000000,14.0000000000,0.0012684963,10.0000000000,10.0000000000,1.0000000000,1.0000000000,50.0000000000
18.0000000000,15.0000000000,0.0009944754,10.0000000000,10.0000000000,1.0000000000,1.0000000000,50.0000000000
18.0000000000,16.0000000000,0.0007274679,10.0000000000,10.0000000000,1.0000000000,1.0000000000,50.0000000000
18.0000000000,17.0000000000,0.0004948483,10.0000000000,10.0000000000,1.0000000000,1.0000000000,50.0000000000
18.0000000000,18.0000000000,0.0003094186,10.0000000000,10.0000000000,1.0000000000,1.0000000000,50.0000000000
18.0000000000,19.0000000000,0.0001826279,10.0000000000,10.0000000000,1.0000000000,1.0000000000,50.0000000000
18.0000000000,20.0000000000,0.0000993969,10.0000000000,10.0000000000,1.0000000000,1.0000000000,50.0000000000
18.0000000000,21.0000000000,0.0000512671,10.0000000000,10.0000000000,1.0000000000,1.0000000000,50.0000000000
18.0000000000,22.0000000000,0.0000260893,10.0000000000,10.0000000000,1.0000000000,1.0000000000,50.0000000000
18.0000000000,23.0000000000,0.0000118389,10.0000000000,10.0000000000,1.0000000000,1.0000000000,50.0000000000
18.0000000000,24.0000000000,0.0000052678,10.0000000000,10.0000000000,1.0000000000,1.0000000000,50.0000000000
18.0000000000,25.0000000000,0.0000022060,10.0000000000,10.0000000000,1.0000000000,1.0000000000,50.0000000000
18.0000000000,26.0000000000,0.0000008112,10.0000000000,10.0000000000,1.0000000000,1.0000000000,50.0000000000
18.0000000000,27.0000000000,0.0000003514,10.0000000000,10.0000000000,1.0000000000,1.0000000000,50.0000000000
18.0000000000,28.0000000000,0.0000000804,10.0000000000,10.0000000000,1.0000000000,1.0000000000,50.0000000000
18.0000000000,29.0000000000,0.0000000167,10.0000000000,10.0000000000,1.0000000000,1.0000000000,50.0000000000
18.0000000000,30.0000000000,0.0000000005,10.0000000000,10.0000000000,1.0000000000,1.0000000000,50.0000000000
19.0000000000,1.0000000000,0.0000000698,10.0000000000,10.0000000000,1.0000000000,1.0000000000,50.0000000000
19.0000000000,2.0000000000,0.0000004432,10.0000000000,10.0000000000,1.0000000000,1.0000000000,50.0000000000
19.0000000000,3.0000000000,0.0000026530,10.0000000000,10.0000000000,1.0000000000,1.0000000000,50.0000000000
19.0000000000,4.0000000000,0.0000107530,10.0000000000,10.0000000000,1.0000000000,1.0000000000,50.0000000000
19.0000000000,5.0000000000,0.0000354207,10.0000000000,10.0000000000,1.0000000000,1.0000000000,50.0000000000
19.0000000000,6.0000000000,0.0000894283,10.0000000000,10.0000000000,1.0000000000,1.0000000000,50.0000000000
19.0000000000,7.0000000000,0.0001892152,10.0000000000,10.0000000000,1.0000000000,1.0000000000,50.0000000000
19.0000000000,8.0000000000,0.0003480833,10.0000000000,10.0000000000,1.0000000000,1.0000000000,50.0000000000
19.0000000000,9.0000000000,0.0005462578,10.0000000000,10.0000000000,1.0000000000,1.0000000000,50.0000000000
19.0000000000,10.0000000000,0.0007457649,10.0000000000,10.0000000000,1.0000000000,1.0000000000,50.0000000000
19.0000000000,11.0000000000,0.0008974928,10.0000000000,10.0000000000,1.0000000000,1.0000000000,50.0000000000
19.0000000000,12.0000000000,0.0009717978,10.0000000000,10.0000000000,1.0000000000,1.0000000000,50.0000000000
19.0000000000,13.0000000000,0.0009410784,10.0000000000,10.0000000000,1.0000000000,1.0000000000,50.0000000000
19.0000000000,14.0000000000,0.0008286590,10.0000000000,10.0000000000,1.0000000000,1.0000000000,50.0000000000
19.0000000000,15.0000000000,0.0006714470,10.0000000000,10.0000000000,1.0000000000,1.0000000000,50.0000000000
19.0000000000,16.0000000000,0.0004999064,10.0000000000,10.0000000000,1.0000000000,1.0000000000,50.0000000000
19.0000000000,17.0000000000,0.0003451158,10.0000000000,10.0000000000,1.0000000000,1.0000000000,50.0000000000
19.0000000000,18.0000000000,0.0002223822,10.0000000000,10.0000000000,1.0000000000,1.0000000000,50.0000000000
19.0000000000,19.0000000000,0.0001356587,10.0000000000,10.0000000000,1.0000000000,1.0000000000,50.0000000000
19.0000000000,20.0000000000,0.0000757999,10.0000000000,10.0000000000,1.0000000000,1.0000000000,50.0000000000
19.0000000000,21.0000000000,0.0000406499,10.0000000000,10.0000000000,1.0000000000,1.0000000000,50.0000000000
19.0000000000,22.0000000000,0.0000207935,10.0000000000,10.0000000000,1.0000000000,1.0000000000,50.0000000000
19.0000000000,23.0000000000,0.0000100654,10.0000000000,10.0000000000,1.0000000000,1.0000000000,50.0000000000
19.0000000000,24.0000000000,0.0000045273,10.0000000000,10.0000000000,1.0000000000,1.0000000000,50.0000000000
19.0000000000,25.0000000000,0.0000018248,10.0000000000,10.0000000000,1.0000000000,1.0000000000,50.0000000000
19.0000000000,26.0000000000,0.0000006454,10.0000000000,10.0000000000,1.0000000000,1.0000000000,50.0000000000
19.0000000000,27.0000000000,0.0000002794,10.0000000000,10.0000000000,1.0000000000,1.0000000000,50.0000000000
19.0000000000,28.0000000000,0.0000000984,10.0000000000,10.0000000000,1.0000000000,1.0000000000,50.0000000000
19.0000000000,29.0000000000,0.0000000329,10.0000000000,10.0000000000,1.0000000000,1.0000000000,50.0000000000
19.0000000000,30.0000000000,0.0000000155,10.0000000000,10.0000000000,1.0000000000,1.0000000000,50.0000000000
19.0000000000,31.0000000000,0.0000000007,10.0000000000,10.0000000000,1.0000000000,1.0000000000,50.0000000000
20.0000000000,1.0000000000,0.0000000099,10.0000000000,10.0000000000,1.0000000000,1.0000000000,50.0000000000
20.0000000000,2.0000000000,0.0000002082,10.0000000000,10.0000000000,1.0000000000,1.0000000000,50.0000000000
20.0000000000,3.0000000000,0.0000010984,10.0000000000,10.0000000000,1.0000000000,1.0000000000,50.0000000000
20.0000000000,4.0000000000,0.0000048123,10.0000000000,10.0000000000,1.0000000000,1.0000000000,50.0000000000
20.0000000000,5.0000000000,0.0000169562,10.0000000000,10.0000000000,1.0000000000,1.0000000000,50.0000000000
20.0000000000,6.0000000000,0.0000435724,10.0000000000,10.0000000000,1.0000000000,1.0000000000,50.0000000000
20.0000000000,7.0000000000,0.0000988463,10.0000000000,10.0000000000,1.0000000000,1.0000000000,50.0000000000
20.0000000000,8.0000000000,0.0001847621,10.0000000000,10.0000000000,1.0000000000,1.0000000000,50.0000000000
20.0000000000,9.0000000000,0.0002965545,10.0000000000,10.0000000000,1.0000000000,1.0000000000,50.0000000000
20.0000000000,10.0000000000,0.0004175769,10.0000000000,10.0000000000,1.0000000000,1.0000000000,50.0000000000
20.0000000000,11.0000000000,0.0005233670,10.0000000000,10.0000000000,1.0000000000,1.0000000000,50.0000000000
20.0000000000,12.0000000000,0.0005814621,10.0000000000,10.0000000000,1.0000000000,1.0000000000,50.0000000000
20.0000000000,13.0000000000,0.0005790025,10.0000000000,10.0000000000,1.0000000000,1.0000000000,50.0000000000
20.0000000000,14.0000000000,0.0005246137,10.0000000000,10.0000000000,1.0000000000,1.0000000000,50.0000000000
20.0000000000,15.0000000000,0.0004332904,10.0000000000,10.0000000000,1.0000000000,1.0000000000,50.0000000000
20.0000000000,16.0000000000,0.0003317616,10.0000000000,10.0000000000,1.0000000000,1.0000000000,50.0000000000
20.0000000000,17.0000000000,0.0002322158,10.0000000000,10.0000000000,1.0000000000,1.0000000000,50.0000000000
20.0000000000,18.0000000000,0.0001546628,10.0000000000,10.0000000000,1.0000000000,1.0000000000,50.0000000000
20.0000000000,19.0000000000,0.0000948951,10.0000000000,10.0000000000,1.0000000000,1.0000000000,50.0000000000
20.0000000000,20.0000000000,0.0000550955,10.0000000000,10.0000000000,1.0000000000,1.0000000000,50.0000000000
20.0000000000,21.0000000000,0.0000297467,10.0000000000,10.0000000000,1.0000000000,1.0000000000,50.0000000000
20.0000000000,22.0000000000,0.0000153459,10.0000000000,10.0000000000,1.0000000000,1.0000000000,50.0000000000
20.0000000000,23.0000000000,0.0000076546,10.0000000000,10.0000000000,1.0000000000,1.0000000000,50.0000000000
20.0000000000,24.0000000000,0.0000035822,10.0000000000,10.0000000000,1.0000000000,1.0000000000,50.0000000000
20.0000000000,25.0000000000,0.0000014193,10.0000000000,10.0000000000,1.0000000000,1.0000000000,50.0000000000
20.0000000000,26.0000000000,0.0000005479,10.0000000000,10.0000000000,1.0000000000,1.0000000000,50.0000000000
20.0000000000,27.0000000000,0.0000002334,10.0000000000,10.0000000000,1.0000000000,1.0000000000,50.0000000000
20.0000000000,28.0000000000,0.0000000644,10.0000000000,10.0000000000,1.0000000000,1.0000000000,50.0000000000
20.0000000000,29.0000000000,0.0000000208,10.0000000000,10.0000000000,1.0000000000,1.0000000000,50.0000000000
20.0000000000,30.0000000000,0.0000000039,10.0000000000,10.0000000000,1.0000000000,1.0000000000,50.0000000000
20.0000000000,31.0000000000,0.0000000039,10.0000000000,10.0000000000,1.0000000000,1.0000000000,50.0000000000
21.0000000000,1.0000000000,0.0000000061,10.0000000000,10.0000000000,1.0000000000,1.0000000000,50.0000000000
21.0000000000,2.0000000000,0.0000001103,10.0000000000,10.0000000000,1.0000000000,1.0000000000,50.0000000000
21.0000000000,3.0000000000,0.0000004776,10.0000000000,10.0000000000,1.0000000000,1.0000000000,50.0000000000
21.0000000000,4.0000000000,0.0000023622,10.0000000000,10.0000000000,1.0000000000,1.0000000000,50.0000000000
21.0000000000,5.0000000000,0.0000077601,10.0000000000,10.0000000000,1.0000000000,1.0000000000,50.0000000000
21.0000000000,6.0000000000,0.0000217280,10.0000000000,10.0000000000,1.0000000000,1.0000000000,50.0000000000
21.0000000000,7.0000000000,0.0000478130,10.0000000000,10.0000000000,1.0000000000,1.0000000000,50.0000000000
21.0000000000,8.0000000000,0.0000961979,10.0000000000,10.0000000000,1.0000000000,1.0000000000,50.0000000000
21.0000000000,9.0000000000,0.0001581842,10.0000000000,10.0000000000,1.0000000000,1.0000000000,50.0000000000
21.0000000000,10.0000000000,0.0002322197,10.0000000000,10.0000000000,1.0000000000,1.0000000000,50.0000000000
21.0000000000,11.0000000000,0.0002938591,10.0000000000,10.0000000000,1.0000000000,1.0000000000,50.0000000000
21.0000000000,12.0000000000,0.0003344726,10.0000000000,10.0000000000,1.0000000000,1.0000000000,50.0000000000
21.0000000000,13.0000000000,0.0003420098,10.0000000000,10.0000000000,1.0000000000,1.0000000000,50.0000000000
21.0000000000,14.0000000000,0.0003189171,10.0000000000,10.0000000000,1.0000000000,1.0000000000,50.0000000000
21.0000000000,15.0000000000,0.0002689424,10.0000000000,10.0000000000,1.0000000000,1.0000000000,50.0000000000
21.0000000000,16.0000000000,0.0002116735,10.0000000000,10.0000000000,1.0000000000,1.0000000000,50.0000000000
21.0000000000,17.0000000000,0.0001513973,10.0000000000,10.0000000000,1.0000000000,1.0000000000,50.0000000000
21.0000000000,18.0000000000,0.0001027467,10.0000000000,10.0000000000,1.0000000000,1.0000000000,50.0000000000
21.0000000000,19.0000000000,0.0000644990,10.0000000000,10.0000000000,1.0000000000,1.0000000000,50.0000000000
21.0000000000,20.0000000000,0.0000376953,10.0000000000,10.0000000000,1.0000000000,1.0000000000,50.0000000000
21.0000000000,21.0000000000,0.0000209542,10.0000000000,10.0000000000,1.0000000000,1.0000000000,50.0000000000
21.0000000000,22.0000000000,0.0000111412,10.0000000000,10.0000000000,1.0000000000,1.0000000000,50.0000000000
21.0000000000,23.0000000000,0.0000055035,10.0000000000,10.0000000000,1.0000000000,1.0000000000,50.0000000000
21.0000000000,24.0000000000,0.0000024724,10.0000000000,10.0000000000,1.0000000000,1.0000000000,50.0000000000
21.0000000000,25.0000000000,0.0000009458,10.0000000000,10.0000000000,1.0000000000,1.0000000000,50.0000000000
21.0000000000,26.0000000000,0.0000004511,10.0000000000,10.0000000000,1.0000000000,1.0000000000,50.0000000000
21.0000000000,27.0000000000,0.0000001299,10.0000000000,10.0000000000,1.0000000000,1.0000000000,50.0000000000
21.0000000000,28.0000000000,0.0000000496,10.0000000000,10.0000000000,1.0000000000,1.0000000000,50.0000000000
21.0000000000,29.0000000000,0.0000000163,10.0000000000,10.0000000000,1.0000000000,1.0000000000,50.0000000000
21.0000000000,30.0000000000,0.0000000145,10.0000000000,10.0000000000,1.0000000000,1.0000000000,50.0000000000
21.0000000000,31.0000000000,0.0000000026,10.0000000000,10.0000000000,1.0000000000,1.0000000000,50.0000000000
21.0000000000,32.0000000000,0.0000000003,10.0000000000,10.0000000000,1.0000000000,1.0000000000,50.0000000000
22.0000000000,2.0000000000,0.0000000927,10.0000000000,10.0000000000,1.0000000000,1.0000000000,50.0000000000
22.0000000000,3.0000000000,0.0000001554,10.0000000000,10.0000000000,1.0000000000,1.0000000000,50.0000000000
22.0000000000,4.0000000000,0.0000010138,10.0000000000,10.0000000000,1.0000000000,1.0000000000,50.0000000000
22.0000000000,5.0000000000,0.0000032633,10.0000000000,10.0000000000,1.0000000000,1.0000000000,50.0000000000
22.0000000000,6.0000000000,0.0000095737,10.0000000000,10.0000000000,1.0000000000,1.0000000000,50.0000000000
22.0000000000,7.0000000000,0.0000229474,10.0000000000,10.0000000000,1.0000000000,1.0000000000,50.0000000000
22.0000000000,8.0000000000,0.0000470856,10.0000000000,10.0000000000,1.0000000000,1.0000000000,50.0000000000
22.0000000000,9.0000000000,0.0000811810,10.0000000000,10.0000000000,1.0000000000,1.0000000000,50.0000000000
22.0000000000,10.0000000000,0.0001220810,10.0000000000,10.0000000000,1.0000000000,1.0000000000,50.0000000000
22.0000000000,11.0000000000,0.0001591196,10.0000000000,10.0000000000,1.0000000000,1.0000000000,50.0000000000
22.0000000000,12.0000000000,0.0001860561,10.0000000000,10.0000000000,1.0000000000,1.0000000000,50.0000000000
22.0000000000,13.0000000000,0.0001958960,10.0000000000,10.0000000000,1.0000000000,1.0000000000,50.0000000000
22.0000000000,14.0000000000,0.0001847346,10.0000000000,10.0000000000,1.0000000000,1.0000000000,50.0000000000
22.0000000000,15.0000000000,0.0001612451,10.0000000000,10.0000000000,1.0000000000,1.0000000000,50.0000000000
22.0000000000,16.0000000000,0.0001293946,10.0000000000,10.0000000000,1.0000000000,1.0000000000,50.0000000000
22.0000000000,17.0000000000,0.0000938798,10.0000000000,10.0000000000,1.0000000000,1.0000000000,50.0000000000
22.0000000000,18.0000000000,0.0000647346,10.0000000000,10.0000000000,1.0000000000,1.0000000000,50.0000000000
22.0000000000,19.0000000000,0.0000412578,10.0000000000,10.0000000000,1.0000000000,1.0000000000,50.0000000000
22.0000000000,20.0000000000,0.0000239804,10.0000000000,10.0000000000,1.0000000000,1.0000000000,50.0000000000
22.0000000000,21.0000000000,0.0000138717,10.0000000000,10.0000000000,1.0000000000,1.0000000000,50.0000000000
22.0000000000,22.0000000000,0.0000079751,10.0000000000,10.0000000000,1.0000000000,1.0000000000,50.0000000000
22.0000000000,23.0000000000,0.0000038169,10.0000000000,10.0000000000,1.0000000000,1.0000000000,50.0000000000
22.0000000000,24.0000000000,0.0000019478,10.0000000000,10.0000000000,1.0000000000,1.0000000000,50.0000000000
22.0000000000,25.0000000000,0.0000007116,10.0000000000,10.0000000000,1.0000000000,1.0000000000,50.0000000000
22.0000000000,26.0000000000,0.0000003268,10.0000000000,10.0000000000,1.0000000000,1.0000000000,50.0000000000
22.0000000000,27.0000000000,0.0000001439,10.0000000000,10.0000000000,1.0000000000,1.0000000000,50.0000000000
22.0000000000,28.0000000000,0.0000000544,10.0000000000,10.0000000000,1.0000000000,1.0000000000,50.0000000000
22.0000000000,29.0000000000,0.0000000066,10.0000000000,10.0000000000,1.0000000000,1.0000000000,50.0000000000
22.0000000000,30.0000000000,0.0000000030,10.0000000000,10.0000000000,1.0000000000,1.0000000000,50.0000000000
22.0000000000,31.0000000000,0.0000000027,10.0000000000,10.0000000000,1.0000000000,1.0000000000,50.0000000000
23.0000000000,2.0000000000,0.0000000211,10.0000000000,10.0000000000,1.0000000000,1.0000000000,50.0000000000
23.0000000000,3.0000000000,0.0000000651,10.0000000000,10.0000000000,1.0000000000,1.0000000000,50.0000000000
23.0000000000,4.0000000000,0.0000004325,10.0000000000,10.0000000000,1.0000000000,1.0000000000,50.0000000000
23.0000000000,5.0000000000,0.0000014953,10.0000000000,10.0000000000,1.0000000000,1.0000000000,50.0000000000
23.0000000000,6.0000000000,0.0000044543,10.0000000000,10.0000000000,1.0000000000,1.0000000000,50.0000000000
23.0000000000,7.0000000000,0.0000109182,10.0000000000,10.0000000000,1.0000000000,1.0000000000,50.0000000000
23.0000000000,8.0000000000,0.0000226969,10.0000000000,10.0000000000,1.0000000000,1.0000000000,50.0000000000
23.0000000000,9.0000000000,0.0000405147,10.0000000000,10.0000000000,1.0000000000,1.0000000000,50.0000000000
23.0000000000,10.0000000000,0.0000621963,10.0000000000,10.0000000000,1.0000000000,1.0000000000,50.0000000000
23.0000000000,11.0000000000,0.0000827585,10.0000000000,10.0000000000,1.0000000000,1.0000000000,50.0000000000
23.0000000000,12.0000000000,0.0000996083,10.0000000000,10.0000000000,1.0000000000,1.0000000000,50.0000000000
23.0000000000,13.0000000000,0.0001068414,10.0000000000,10.0000000000,1.0000000000,1.0000000000,50.0000000000
23.0000000000,14.0000000000,0.0001041869,10.0000000000,10.0000000000,1.0000000000,1.0000000000,50.0000000000
23.0000000000,15.0000000000,0.0000927196,10.0000000000,10.0000000000,1.0000000000,1.0000000000,50.0000000000
23.0000000000,16.0000000000,0.0000766310,10.0000000000,10.0000000000,1.0000000000,1.0000000000,50.0000000000
23.0000000000,17.0000000000,0.0000575161,10.0000000000,10.0000000000,1.0000000000,1.0000000000,50.0000000000
23.0000000000,18.0000000000,0.0000406296,10.0000000000,10.0000000000,1.0000000000,1.0000000000,50.0000000000
23.0000000000,19.0000000000,0.0000267427,10.0000000000,10.0000000000,1.0000000000,1.0000000000,50.0000000000
23.0000000000,20.0000000000,0.0000160390,10.0000000000,10.0000000000,1.0000000000,1.0000000000,50.0000000000
23.0000000000,21.0000000000,0.0000087402,10.0000000000,10.0000000000,1.0000000000,1.0000000000,50.0000000000
23.0000000000,22.0000000000,0.0000052680,10.0000000000,10.0000000000,1.0000000000,1.0000000000,50.0000000000
23.0000000000,23.0000000000,0.0000026032,10.0000000000,10.0000000000,1.0000000000,1.0000000000,50.0000000000
23.0000000000,24.0000000000,0.0000013402,10.0000000000,10.0000000000,1.0000000000,1.0000000000,50.0000000000
23.0000000000,25.0000000000,0.0000006278,10.0000000000,10.0000000000,1.0000000000,1.0000000000,50.0000000000
23.0000000000,26.0000000000,0.0000002804,10.0000000000,10.0000000000,1.0000000000,1.0000000000,50.0000000000
23.0000000000,27.0000000000,0.0000001264,10.0000000000,10.0000000000,1.0000000000,1.0000000000,50.0000000000
23.0000000000,28.0000000000,0.0000000260,10.0000000000,10.0000000000,1.0000000000,1.0000000000,50.0000000000
23.0000000000,29.0000000000,0.0000000043,10.0000000000,10.0000000000,1.0000000000,1.0000000000,50.0000000000
23.0000000000,30.0000000000,0.0000000099,10.0000000000,10.0000000000,1.0000000000,1.0000000000,50.0000000000
23.0000000000,31.0000000000,0.0000000002,10.0000000000,10.0000000000,1.0000000000,1.0000000000,50.0000000000
24.0000000000,2.0000000000,0.0000000071,10.0000000000,10.0000000000,1.0000000000,1.0000000000,50.0000000000
24.0000000000,3.0000000000,0.0000000276,10.0000000000,10.0000000000,1.0000000000,1.0000000000,50.0000000000
24.0000000000,4.0000000000,0.0000001341,10.0000000000,10.0000000000,1.0000000000,1.0000000000,50.0000000000
24.0000000000,5.0000000000,0.0000006770,10.0000000000,10.0000000000,1.0000000000,1.0000000000,50.0000000000
24.0000000000,6.0000000000,0.0000020294,10.0000000000,10.0000000000,1.0000000000,1.0000000000,50.0000000000
24.0000000000,7.0000000000,0.0000050470,10.0000000000,10.0000000000,1.0000000000,1.0000000000,50.0000000000
24.0000000000,8.0000000000,0.0000104301,10.0000000000,10.0000000000,1.0000000000,1.0000000000,50.0000000000
24.0000000000,9.0000000000,0.0000191332,10.0000000000,10.0000000000,1.0000000000,1.0000000000,50.0000000000
24.0000000000,10.0000000000,0.0000298847,10.0000000000,10.0000000000,1.0000000000,1.0000000000,50.0000000000
24.0000000000,11.0000000000,0.0000414608,10.0000000000,10.0000000000,1.0000000000,1.0000000000,50.0000000000
24.0000000000,12.0000000000,0.0000520554,10.0000000000,10.0000000000,1.0000000000,1.0000000000,50.0000000000
24.0000000000,13.0000000000,0.0000576385,10.0000000000,10.0000000000,1.0000000000,1.0000000000,50.0000000000
24.0000000000,14.0000000000,0.0000574983,10.0000000000,10.0000000000,1.0000000000,1.0000000000,50.0000000000
24.0000000000,15.0000000000,0.0000522928,10.0000000000,10.0000000000,1.0000000000,1.0000000000,50.0000000000
24.0000000000,16.0000000000,0.0000427794,10.0000000000,10.0000000000,1.0000000000,1.0000000000,50.0000000000
24.0000000000,17.0000000000,0.0000332216,10.0000000000,10.0000000000,1.0000000000,1.0000000000,50.0000000000
24.0000000000,18.0000000000,0.0000242667,10.0000000000,10.0000000000,1.0000000000,1.0000000000,50.0000000000
24.0000000000,19.0000000000,0.0000161830,10.0000000000,10.0000000000,1.0000000000,1.0000000000,50.0000000000
24.0000000000,20.0000000000,0.0000092816,10.0000000000,10.0000000000,1.0000000000,1.0000000000,50.0000000000
24.0000000000,21.0000000000,0.0000054887,10.0000000000,10.0000000000,1.0000000000,1.0000000000,50.0000000000
24.0000000000,22.0000000000,0.0000031879,10.0000000000,10.0000000000,1.0000000000,1.0000000000,50.0000000000
24.0000000000,23.0000000000,0.0000016852,10.0000000000,10.0000000000,1.0000000000,1.0000000000,50.0000000000
24.0000000000,24.0000000000,0.0000008227,10.0000000000,10.0000000000,1.0000000000,1.0000000000,50.0000000000
24.0000000000,25.0000000000,0.0000003795,10.0000000000,10.0000000000,1.0000000000,1.0000000000,50.0000000000
24.0000000000,26.0000000000,0.0000001966,10.0000000000,10.0000000000,1.0000000000,1.0000000000,50.0000000000
24.0000000000,27.0000000000,0.0000000735,10.0000000000,10.0000000000,1.0000000000,1.0000000000,50.0000000000
24.0000000000,28.0000000000,0.0000000045,10.0000000000,10.0000000000,1.0000000000,1.0000000000,50.0000000000
24.0000000000,29.0000000000,0.0000000066,10.0000000000,10.0000000000,1.0000000000,1.0000000000,50.0000000000
24.0000000000,30.0000000000,0.0000000033,10.0000000000,10.0000000000,1.0000000000,1.0000000000,50.0000000000
25.0000000000,2.0000000000,0.0000000001,10.0000000000,10.0000000000,1.0000000000,1.0000000000,50.0000000000
25.0000000000,3.0000000000,0.0000000038,10.0000000000,10.0000000000,1.0000000000,1.0000000000,50.0000000000
25.0000000000,4.0000000000,0.0000001033,10.0000000000,10.0000000000,1.0000000000,1.0000000000,50.0000000000
25.0000000000,5.0000000000,0.0000003889,10.0000000000,10.0000000000,1.0000000000,1.0000000000,50.0000000000
25.0000000000,6.0000000000,0.0000009339,10.0000000000,10.0000000000,1.0000000000,1.0000000000,50.0000000000
25.0000000000,7.0000000000,0.0000021979,10.0000000000,10.0000000000,1.0000000000,1.0000000000,50.0000000000
25.0000000000,8.0000000000,0.0000049409,10.0000000000,10.0000000000,1.0000000000,1.0000000000,50.0000000000
25.0000000000,9.0000000000,0.0000091805,10.0000000000,10.0000000000,1.0000000000,1.0000000000,50.0000000000
25.0000000000,10.0000000000,0.0000143674,10.0000000000,10.0000000000,1.0000000000,1.0000000000,50.0000000000
25.0000000000,11.0000000000,0.0000206719,10.0000000000,10.0000000000,1.0000000000,1.0000000000,50.0000000000
25.0000000000,12.0000000000,0.0000256295,10.0000000000,10.0000000000,1.0000000000,1.0000000000,50.0000000000
25.0000000000,13.0000000000,0.0000300209,10.0000000000,10.0000000000,1.0000000000,1.0000000000,50.0000000000
25.0000000000,14.0000000000,0.0000300755,10.0000000000,10.0000000000,1.0000000000,1.0000000000,50.0000000000
25.0000000000,15.0000000000,0.0000273041,10.0000000000,10.0000000000,1.0000000000,1.0000000000,50.0000000000
25.0000000000,16.0000000000,0.0000236288,10.0000000000,10.0000000000,1.0000000000,1.0000000000,50.0000000000
25.0000000000,17.0000000000,0.0000185609,10.0000000000,10.0000000000,1.0000000000,1.0000000000,50.0000000000
25.0000000000,18.0000000000,0.0000139464,10.0000000000,10.0000000000,1.0000000000,1.0000000000,50.0000000000
25.0000000000,19.0000000000,0.0000092520,10.0000000000,10.0000000000,1.0000000000,1.0000000000,50.0000000000
25.0000000000,20.0000000000,0.0000057634,10.0000000000,10.0000000000,1.0000000000,1.0000000000,50.0000000000
25.0000000000,21.0000000000,0.0000034872,10.0000000000,10.0000000000,1.0000000000,1.0000000000,50.0000000000
25.0000000000,22.0000000000,0.0000018606,10.0000000000,10.0000000000,1.0000000000,1.0000000000,50.0000000000
25.0000000000,23.0000000000,0.0000011351,10.0000000000,10.0000000000,1.0000000000,1.0000000000,50.0000000000
25.0000000000,24.0000000000,0.0000006361,10.0000000000,10.0000000000,1.0000000000,1.0000000000,50.0000000000
25.0000000000,25.0000000000,0.0000002644,10.0000000000,10.0000000000,1.0000000000,1.0000000000,50.0000000000
25.0000000000,26.0000000000,0.0000000998,10.0000000000,10.0000000000,1.0000000000,1.0000000000,50.0000000000
25.0000000000,27.0000000000,0.0000000346,10.0000000000,10.0000000000,1.0000000000,1.0000000000,50.0000000000
25.0000000000,28.0000000000,0.0000000186,10.0000000000,10.0000000000,1.0000000000,1.0000000000,50.0000000000
25.0000000000,29.0000000000,0.0000000046,10.0000000000,10.0000000000,1.0000000000,1.0000000000,50.0000000000
26.0000000000,2.0000000000,0.0000000036,10.0000000000,10.0000000000,1.0000000000,1.0000000000,50.0000000000
26.0000000000,3.0000000000,0.0000000014,10.0000000000,10.0000000000,1.0000000000,1.0000000000,50.0000000000
26.0000000000,4.0000000000,0.0000000095,10.0000000000,10.0000000000,1.0000000000,1.0000000000,50.0000000000
26.0000000000,5.0000000000,0.0000000915,10.0000000000,10.0000000000,1.0000000000,1.0000000000,50.0000000000
26.0000000000,6.0000000000,0.0000003391,10.0000000000,10.0000000000,1.0000000000,1.0000000000,50.0000000000
26.0000000000,7.0000000000,0.0000009110,10.0000000000,10.0000000000,1.0000000000,1.0000000000,50.0000000000
26.0000000000,8.0000000000,0.0000021427,10.0000000000,10.0000000000,1.0000000000,1.0000000000,50.0000000000
26.0000000000,9.0000000000,0.0000040473,10.0000000000,10.0000000000,1.0000000000,1.0000000000,50.0000000000
26.0000000000,10.0000000000,0.0000066426,10.0000000000,10.0000000000,1.0000000000,1.0000000000,50.0000000000
26.0000000000,11.0000000000,0.0000097648,10.0000000000,10.0000000000,1.0000000000,1.0000000000,50.0000000000
26.0000000000,12.0000000000,0.0000126462,10.0000000000,10.0000000000,1.0000000000,1.0000000000,50.0000000000
26.0000000000,13.0000000000,0.0000146707,10.0000000000,10.0000000000,1.0000000000,1.0000000000,50.0000000000
26.0000000000,14.0000000000,0.0000153548,10.0000000000,10.0000000000,1.0000000000,1.0000000000,50.0000000000
26.0000000000,15.0000000000,0.0000146313,10.0000000000,10.0000000000,1.0000000000,1.0000000000,50.0000000000
26.0000000000,16.0000000000,0.0000127793,10.0000000000,10.0000000000,1.0000000000,1.0000000000,50.0000000000
26.0000000000,17.0000000000,0.0000101319,10.0000000000,10.0000000000,1.0000000000,1.0000000000,50.0000000000
26.0000000000,18.0000000000,0.0000076846,10.0000000000,10.0000000000,1.0000000000,1.0000000000,50.0000000000
26.0000000000,19.0000000000,0.0000051639,10.0000000000,10.0000000000,1.0000000000,1.0000000000,50.0000000000
26.0000000000,20.0000000000,0.0000033121,10.0000000000,10.0000000000,1.0000000000,1.0000000000,50.0000000000
26.0000000000,21.0000000000,0.0000021798,10.0000000000,10.0000000000,1.0000000000,1.0000000000,50.0000000000
26.0000000000,22.0000000000,0.0000011200,10.0000000000,10.0000000000,1.0000000000,1.0000000000,50.0000000000
26.0000000000,23.0000000000,0.0000006182,10.0000000000,10.0000000000,1.0000000000,1.0000000000,50.0000000000
26.0000000000,24.0000000000,0.0000003926,10.0000000000,10.0000000000,1.0000000000,1.0000000000,50.0000000000
26.0000000000,25.0000000000,0.0000002357,10.0000000000,10.0000000000,1.0000000000,1.0000000000,50.0000000000
26.0000000000,26.0000000000,0.0000000494,10.0000000000,10.0000000000,1.0000000000,1.0000000000,50.0000000000
26.0000000000,27.0000000000,0.0000000128,10.0000000000,10.0000000000,1.0000000000,1.0000000000,50.0000000000
26.0000000000,28.0000000000,0.0000000001,10.0000000000,10.0000000000,1.0000000000,1.0000000000,50.0000000000
26.0000000000,29.0000000000,0.0000000024,10.0000000000,10.0000000000,1.0000000000,1.0000000000,50.0000000000
27.0000000000,3.0000000000,0.0000000057,10.0000000000,10.0000000000,1.0000000000,1.0000000000,50.0000000000
27.0000000000,4.0000000000,0.0000000082,10.0000000000,10.0000000000,1.0000000000,1.0000000000,50.0000000000
27.0000000000,5.0000000000,0.0000000296,10.0000000000,10.0000000000,1.0000000000,1.0000000000,50.0000000000
27.0000000000,6.0000000000,0.0000001572,10.0000000000,10.0000000000,1.0000000000,1.0000000000,50.0000000000
27.0000000000,7.0000000000,0.0000004880,10.0000000000,10.0000000000,1.0000000000,1.0000000000,50.0000000000
27.0000000000,8.0000000000,0.0000008410,10.0000000000,10.0000000000,1.0000000000,1.0000000000,50.0000000000
27.0000000000,9.0000000000,0.0000017718,10.0000000000,10.0000000000,1.0000000000,1.0000000000,50.0000000000
27.0000000000,10.0000000000,0.0000029179,10.0000000000,10.0000000000,1.0000000000,1.0000000000,50.0000000000
27.0000000000,11.0000000000,0.0000047862,10.0000000000,10.0000000000,1.0000000000,1.0000000000,50.0000000000
27.0000000000,12.0000000000,0.0000059781,10.0000000000,10.0000000000,1.0000000000,1.0000000000,50.0000000000
27.0000000000,13.0000000000,0.0000068752,10.0000000000,10.0000000000,1.0000000000,1.0000000000,50.0000000000
27.0000000000,14.0000000000,0.0000074152,10.0000000000,10.0000000000,1.0000000000,1.0000000000,50.0000000000
27.0000000000,15.0000000000,0.0000075993,10.0000000000,10.0000000000,1.0000000000,1.0000000000,50.0000000000
27.0000000000,16.0000000000,0.0000065983,10.0000000000,10.0000000000,1.0000000000,1.0000000000,50.0000000000
27.0000000000,17.0000000000,0.0000051072,10.0000000000,10.0000000000,1.0000000000,1.0000000000,50.0000000000
27.0000000000,18.0000000000,0.0000039488,10.0000000000,10.0000000000,1.0000000000,1.0000000000,50.0000000000
27.0000000000,19.0000000000,0.0000027115,10.0000000000,10.0000000000,1.0000000000,1.0000000000,50.0000000000
27.0000000000,20.0000000000,0.0000018325,10.0000000000,10.0000000000,1.0000000000,1.0000000000,50.0000000000
27.0000000000,21.0000000000,0.0000012468,10.0000000000,10.0000000000,1.0000000000,1.0000000000,50.0000000000
27.0000000000,22.0000000000,0.0000007097,10.0000000000,10.0000000000,1.0000000000,1.0000000000,50.0000000000
27.0000000000,23.0000000000,0.0000004221,10.0000000000,10.0000000000,1.0000000000,1.0000000000,50.0000000000
27.0000000000,24.0000000000,0.0000001774,10.0000000000,10.0000000000,1.0000000000,1.0000000000,50.0000000000
27.0000000000,25.0000000000,0.0000001168,10.0000000000,10.0000000000,1.0000000000,1.0000000000,50.0000000000
27.0000000000,26.0000000000,0.0000000178,10.0000000000,10.0000000000,1.0000000000,1.0000000000,50.0000000000
27.0000000000,27.0000000000,0.0000000100,10.0000000000,10.0000000000,1.0000000000,1.0000000000,50.0000000000
27.0000000000,28.0000000000,0.0000000007,10.0000000000,10.0000000000,1.0000000000,1.0000000000,50.0000000000
28.0000000000,5.0000000000,0.0000000099,10.0000000000,10.0000000000,1.0000000000,1.0000000000,50.0000000000
28.0000000000,6.0000000000,0.0000000626,10.0000000000,10.0000000000,1.0000000000,1.0000000000,50.0000000000
28.0000000000,7.0000000000,0.0000001317,10.0000000000,10.0000000000,1.0000000000,1.0000000000,50.0000000000
28.0000000000,8.0000000000,0.0000003678,10.0000000000,10.0000000000,1.0000000000,1.0000000000,50.0000000000
28.0000000000,9.0000000000,0.0000007648,10.0000000000,10.0000000000,1.0000000000,1.0000000000,50.0000000000
28.0000000000,10.0000000000,0.0000014920,10.0000000000,10.0000000000,1.0000000000,1.0000000000,50.0000000000
28.0000000000,11.0000000000,0.0000021401,10.0000000000,10.0000000000,1.0000000000,1.0000000000,50.0000000000
28.0000000000,12.0000000000,0.0000029080,10.0000000000,10.0000000000,1.0000000000,1.0000000000,50.0000000000
28.0000000000,13.0000000000,0.0000037743,10.0000000000,10.0000000000,1.0000000000,1.0000000000,50.0000000000
28.0000000000,14.0000000000,0.0000033481,10.0000000000,10.0000000000,1.0000000000,1.0000000000,50.0000000000
28.0000000000,15.0000000000,0.0000036866,10.0000000000,10.0000000000,1.0000000000,1.0000000000,50.0000000000
28.0000000000,16.0000000000,0.0000032772,10.0000000000,10.0000000000,1.0000000000,1.0000000000,50.0000000000
28.0000000000,17.0000000000,0.0000024904,10.0000000000,10.0000000000,1.0000000000,1.0000000000,50.0000000000
28.0000000000,18.0000000000,0.0000018935,10.0000000000,10.0000000000,1.0000000000,1.0000000000,50.0000000000
28.0000000000,19.0000000000,0.0000014236,10.0000000000,10.0000000000,1.0000000000,1.0000000000,50.0000000000
28.0000000000,20.0000000000,0.0000011058,10.0000000000,10.0000000000,1.0000000000,1.0000000000,50.0000000000
28.0000000000,21.0000000000,0.0000007738,10.0000000000,10.0000000000,1.0000000000,1.0000000000,50.0000000000
28.0000000000,22.0000000000,0.0000005020,10.0000000000,10.0000000000,1.0000000000,1.0000000000,50.0000000000
28.0000000000,23.0000000000,0.0000002735,10.0000000000,10.0000000000,1.0000000000,1.0000000000,50.0000000000
28.0000000000,24.0000000000,0.0000001268,10.0000000000,10.0000000000,1.0000000000,1.0000000000,50.0000000000
28.0000000000,25.0000000000,0.0000000991,10.0000000000,10.0000000000,1.0000000000,1.0000000000,50.0000000000
28.0000000000,26.0000000000,0.0000000136,10.0000000000,10.0000000000,1.0000000000,1.0000000000,50.0000000000
28.0000000000,27.0000000000,0.0000000050,10.0000000000,10.0000000000,1.0000000000,1.0000000000,50.0000000000
28.0000000000,28.0000000000,0.0000000064,10.0000000000,10.0000000000,1.0000000000,1.0000000000,50.0000000000
29.0000000000,5.0000000000,0.0000000051,10.0000000000,10.0000000000,1.0000000000,1.0000000000,50.0000000000
29.0000000000,6.0000000000,0.0000000305,10.0000000000,10.0000000000,1.0000000000,1.0000000000,50.0000000000
29.0000000000,7.0000000000,0.0000000496,10.0000000000,10.0000000000,1.0000000000,1.0000000000,50.0000000000
29.0000000000,8.0000000000,0.0000001774,10.0000000000,10.0000000000,1.0000000000,1.0000000000,50.0000000000
29.0000000000,9.0000000000,0.0000004203,10.0000000000,10.0000000000,1.0000000000,1.0000000000,50.0000000000
29.0000000000,10.0000000000,0.0000004503,10.0000000000,10.0000000000,1.0000000000,1.0000000000,50.0000000000
29.0000000000,11.0000000000,0.0000009339,10.0000000000,10.0000000000,1.0000000000,1.0000000000,50.0000000000
29.0000000000,12.0000000000,0.0000013892,10.0000000000,10.0000000000,1.0000000000,1.0000000000,50.0000000000
29.0000000000,13.0000000000,0.0000014312,10.0000000000,10.0000000000,1.0000000000,1.0000000000,50.0000000000
29.0000000000,14.0000000000,0.0000016467,10.0000000000,10.0000000000,1.0000000000,1.0000000000,50.0000000000
29.0000000000,15.0000000000,0.0000017725,10.0000000000,10.0000000000,1.0000000000,1.0000000000,50.0000000000
29.0000000000,16.0000000000,0.0000015901,10.0000000000,10.0000000000,1.0000000000,1.0000000000,50.0000000000
29.0000000000,17.0000000000,0.0000011960,10.0000000000,10.0000000000,1.0000000000,1.0000000000,50.0000000000
29.0000000000,18.0000000000,0.0000009557,10.0000000000,10.0000000000,1.0000000000,1.0000000000,50.0000000000
29.0000000000,19.0000000000,0.0000006573,10.0000000000,10.0000000000,1.0000000000,1.0000000000,50.0000000000
29.0000000000,20.0000000000,0.0000005152,10.0000000000,10.0000000000,1.0000000000,1.0000000000,50.0000000000
29.0000000000,21.0000000000,0.0000004340,10.0000000000,10.0000000000,1.0000000000,1.0000000000,50.0000000000
29.0000000000,22.0000000000,0.0000001937,10.0000000000,10.0000000000,1.0000000000,1.0000000000,50.0000000000
29.0000000000,23.0000000000,0.0000001557,10.0000000000,10.0000000000,1.0000000000,1.0000000000,50.0000000000
29.0000000000,24.0000000000,0.0000000797,10.0000000000,10.0000000000,1.0000000000,1.0000000000,50.0000000000
29.0000000000,25.0000000000,0.0000000339,10.0000000000,10.0000000000,1.0000000000,1.0000000000,50.0000000000
29.0000000000,26.0000000000,0.0000000194,10.0000000000,10.0000000000,1.0000000000,1.0000000000,50.0000000000
29.0000000000,27.0000000000,0.0000000029,10.0000000000,10.0000000000,1.0000000000,1.0000000000,50.0000000000
29.0000000000,28.0000000000,0.0000000002,10.0000000000,10.0000000000,1.0000000000,1.0000000000,50.0000000000
30.0000000000,6.0000000000,0.0000000075,10.0000000000,10.0000000000,1.0000000000,1.0000000000,50.0000000000
30.0000000000,7.0000000000,0.0000000335,10.0000000000,10.0000000000,1.0000000000,1.0000000000,50.0000000000
30.0000000000,8.0000000000,0.0000000588,10.0000000000,10.0000000000,1.0000000000,1.0000000000,50.0000000000
30.0000000000,9.0000000000,0.0000001492,10.0000000000,10.0000000000,1.0000000000,1.0000000000,50.0000000000
30.0000000000,10.0000000000,0.0000002107,10.0000000000,10.0000000000,1.0000000000,1.0000000000,50.0000000000
30.0000000000,11.0000000000,0.0000003827,10.0000000000,10.0000000000,1.0000000000,1.0000000000,50.0000000000
30.0000000000,12.0000000000,0.0000005774,10.0000000000,10.0000000000,1.0000000000,1.0000000000,50.0000000000
30.0000000000,13.0000000000,0.0000008215,10.0000000000,10.0000000000,1.0000000000,1.0000000000,50.0000000000
30.0000000000,14.0000000000,0.0000009708,10.0000000000,10.0000000000,1.0000000000,1.0000000000,50.0000000000
30.0000000000,15.0000000000,0.0000008946,10.0000000000,10.0000000000,1.0000000000,1.0000000000,50.0000000000
30.0000000000,16.0000000000,0.0000007481,10.0000000000,10.0000000000,1.0000000000,1.0000000000,50.0000000000
30.0000000000,17.0000000000,0.0000005849,10.0000000000,10.0000000000,1.0000000000,1.0000000000,50.0000000000
30.0000000000,18.0000000000,0.0000004143,10.0000000000,10.0000000000,1.0000000000,1.0000000000,50.0000000000
30.0000000000,19.0000000000,0.0000003203,10.0000000000,10.0000000000,1.0000000000,1.0000000000,50.0000000000
30.0000000000,20.0000000000,0.0000002374,10.0000000000,10.0000000000,1.0000000000,1.0000000000,50.0000000000
30.0000000000,21.0000000000,0.0000001643,10.0000000000,10.0000000000,1.0000000000,1.0000000000,50.0000000000
30.0000000000,22.0000000000,0.0000001035,10.0000000000,10.0000000000,1.0000000000,1.0000000000,50.0000000000
30.0000000000,23.0000000000,0.0000000606,10.0000000000,10.0000000000,1.0000000000,1.0000000000,50.0000000000
30.0000000000,24.0000000000,0.0000000136,10.0000000000,10.0000000000,1.0000000000,1.0000000000,50.0000000000
30.0000000000,25.0000000000,0.0000000240,10.0000000000,10.0000000000,1.0000000000,1.0000000000,50.0000000000
30.0000000000,26.0000000000,0.0000000055,10.0000000000,10.0000000000,1.0000000000,1.0000000000,50.0000000000
30.0000000000,27.0000000000,0.0000000029,10.0000000000,10.0000000000,1.0000000000,1.0000000000,50.0000000000
31.0000000000,7.0000000000,0.0000000015,10.0000000000,10.0000000000,1.0000000000,1.0000000000,50.0000000000
31.0000000000,8.0000000000,0.0000000305,10.0000000000,10.0000000000,1.0000000000,1.0000000000,50.0000000000
31.0000000000,9.0000000000,0.0000000394,10.0000000000,10.0000000000,1.0000000000,1.0000000000,50.0000000000
31.0000000000,10.0000000000,0.0000000634,10.0000000000,10.0000000000,1.0000000000,1.0000000000,50.0000000000
31.0000000000,11.0000000000,0.0000001566,10.0000000000,10.0000000000,1.0000000000,1.0000000000,50.0000000000
31.0000000000,12.0000000000,0.0000002684,10.0000000000,10.0000000000,1.0000000000,1.0000000000,50.0000000000
31.0000000000,13.0000000000,0.0000004053,10.0000000000,10.0000000000,1.0000000000,1.0000000000,50.0000000000
31.0000000000,14.0000000000,0.0000004164,10.0000000000,10.0000000000,1.0000000000,1.0000000000,50.0000000000
31.0000000000,15.0000000000,0.0000004601,10.0000000000,10.0000000000,1.0000000000,1.0000000000,50.0000000000
31.0000000000,16.0000000000,0.0000003235,10.0000000000,10.0000000000,1.0000000000,1.0000000000,50.0000000000
31.0000000000,17.0000000000,0.0000003955,10.0000000000,10.0000000000,1.0000000000,1.0000000000,50.0000000000
31.0000000000,18.0000000000,0.0000001864,10.0000000000,10.0000000000,1.0000000000,1.0000000000,50.0000000000
31.0000000000,19.0000000000,0.0000001900,10.0000000000,10.0000000000,1.0000000000,1.0000000000,50.0000000000
31.0000000000,20.0000000000,0.0000001299,10.0000000000,10.0000000000,1.0000000000,1.0000000000,50.0000000000
31.0000000000,21.0000000000,0.0000000493,10.0000000000,10.0000000000,1.0000000000,1.0000000000,50.0000000000
31.0000000000,22.0000000000,0.0000000353,10.0000000000,10.0000000000,1.0000000000,1.0000000000,50.0000000000
31.0000000000,23.0000000000,0.0000000097,10.0000000000,10.0000000000,1.0000000000,1.0000000000,50.0000000000
31.0000000000,24.0000000000,0.0000000054,10.0000000000,10.0000000000,1.0000000000,1.0000000000,50.0000000000
31.0000000000,25.0000000000,0.0000000018,10.0000000000,10.0000000000,1.0000000000,1.0000000000,50.0000000000
31.0000000000,27.0000000000,0.0000000105,10.0000000000,10.0000000000,1.0000000000,1.0000000000,50.0000000000
31.0000000000,28.0000000000,0.0000000005,10.0000000000,10.0000000000,1.0000000000,1.0000000000,50.0000000000
32.0000000000,8.0000000000,0.0000000017,10.0000000000,10.0000000000,1.0000000000,1.0000000000,50.0000000000
32.0000000000,9.0000000000,0.0000000188,10.0000000000,10.0000000000,1.0000000000,1.0000000000,50.0000000000
32.0000000000,10.0000000000,0.0000000280,10.0000000000,10.0000000000,1.0000000000,1.0000000000,50.0000000000
32.0000000000,11.0000000000,0.0000000448,10.0000000000,10.0000000000,1.0000000000,1.0000000000,50.0000000000
32.0000000000,12.0000000000,0.0000001405,10.0000000000,10.0000000000,1.0000000000,1.0000000000,50.0000000000
32.0000000000,13.0000000000,0.0000001503,10.0000000000,10.0000000000,1.0000000000,1.0000000000,50.0000000000
32.0000000000,14.0000000000,0.0000001956,10.0000000000,10.0000000000,1.0000000000,1.0000000000,50.0000000000
32.0000000000,15.0000000000,0.0000001976,10.0000000000,10.0000000000,1.0000000000,1.0000000000,50.0000000000
32.0000000000,16.0000000000,0.0000001277,10.0000000000,10.0000000000,1.0000000000,1.0000000000,50.0000000000
32.0000000000,17.0000000000,0.0000001813,10.0000000000,10.0000000000,1.0000000000,1.0000000000,50.0000000000
32.0000000000,18.0000000000,0.0000000908,10.0000000000,10.0000000000,1.0000000000,1.0000000000,50.0000000000
32.0000000000,19.0000000000,0.0000000814,10.0000000000,10.0000000000,1.0000000000,1.0000000000,50.0000000000
32.0000000000,20.0000000000,0.0000000586,10.0000000000,10.0000000000,1.0000000000,1.0000000000,50.0000000000
32.0000000000,21.0000000000,0.0000000253,10.0000000000,10.0000000000,1.0000000000,1.0000000000,50.0000000000
32.0000000000,22.0000000000,0.0000000077,10.0000000000,10.0000000000,1.0000000000,1.0000000000,50.0000000000
32.0000000000,23.0000000000,0.0000000084,10.0000000000,10.0000000000,1.0000000000,1.0000000000,50.0000000000
32.0000000000,24.0000000000,0.0000000237,10.0000000000,10.0000000000,1.0000000000,1.0000000000,50.0000000000
32.0000000000,25.0000000000,0.0000000062,10.0000000000,10.0000000000,1.0000000000,1.0000000000,50.0000000000
32.0000000000,26.0000000000,0.0000000003,10.0000000000,10.0000000000,1.0000000000,1.0000000000,50.0000000000
32.0000000000,27.0000000000,0.0000000230,10.0000000000,10.0000000000,1.0000000000,1.0000000000,50.0000000000
32.0000000000,28.0000000000,0.0000000020,10.0000000000,10.0000000000,1.0000000000,1.0000000000,50.0000000000
33.0000000000,8.0000000000,0.0000000006,10.0000000000,10.0000000000,1.0000000000,1.0000000000,50.0000000000
33.0000000000,9.0000000000,0.0000000020,10.0000000000,10.0000000000,1.0000000000,1.0000000000,50.0000000000
33.0000000000,10.0000000000,0.0000000013,10.0000000000,10.0000000000,1.0000000000,1.0000000000,50.0000000000
33.0000000000,11.0000000000,0.0000000185,10.0000000000,10.0000000000,1.0000000000,1.0000000000,50.0000000000
33.0000000000,12.0000000000,0.0000000709,10.0000000000,10.0000000000,1.0000000000,1.0000000000,50.0000000000
33.0000000000,13.0000000000,0.0000000901,10.0000000000,10.0000000000,1.0000000000,1.0000000000,50.0000000000
33.0000000000,14.0000000000,0.0000000501,10.0000000000,10.0000000000,1.0000000000,1.0000000000,50.0000000000
33.0000000000,15.0000000000,0.0000000511,10.0000000000,10.0000000000,1.0000000000,1.0000000000,50.0000000000
33.0000000000,16.0000000000,0.0000000331,10.0000000000,10.0000000000,1.0000000000,1.0000000000,50.0000000000
33.0000000000,17.0000000000,0.0000000532,10.0000000000,10.0000000000,1.0000000000,1.0000000000,50.0000000000
33.0000000000,18.0000000000,0.0000000300,10.0000000000,10.0000000000,1.0000000000,1.0000000000,50.0000000000
33.0000000000,19.0000000000,0.0000000295,10.0000000000,10.0000000000,1.0000000000,1.0000000000,50.0000000000
33.0000000000,20.0000000000,0.0000000229,10.0000000000,10.0000000000,1.0000000000,1.0000000000,50.0000000000
33.0000000000,21.0000000000,0.0000000153,10.0000000000,10.0000000000,1.0000000000,1.0000000000,50.0000000000
33.0000000000,22.0000000000,0.0000000090,10.0000000000,10.0000000000,1.0000000000,1.0000000000,50.0000000000
33.0000000000,23.0000000000,0.0000000003,10.0000000000,10.0000000000,1.0000000000,1.0000000000,50.0000000000
33.0000000000,25.0000000000,0.0000000002,10.0000000000,10.0000000000,1.0000000000,1.0000000000,50.0000000000
33.0000000000,27.0000000000,0.0000000001,10.0000000000,10.0000000000,1.0000000000,1.0000000000,50.0000000000
34.0000000000,9.0000000000,0.0000000049,10.0000000000,10.0000000000,1.0000000000,1.0000000000,50.0000000000
34.0000000000,10.0000000000,0.0000000047,10.0000000000,10.0000000000,1.0000000000,1.0000000000,50.0000000000
34.0000000000,11.0000000000,0.0000000345,10.0000000000,10.0000000000,1.0000000000,1.0000000000,50.0000000000
34.0000000000,12.0000000000,0.0000000219,10.0000000000,10.0000000000,1.0000000000,1.0000000000,50.0000000000
34.0000000000,13.0000000000,0.0000000159,10.0000000000,10.0000000000,1.0000000000,1.0000000000,50.0000000000
34.0000000000,14.0000000000,0.0000000066,10.0000000000,10.0000000000,1.0000000000,1.0000000000,50.0000000000
34.0000000000,15.0000000000,0.0000000125,10.0000000000,10.0000000000,1.0000000000,1.0000000000,50.0000000000
34.0000000000,16.0000000000,0.0000000430,10.0000000000,10.0000000000,1.0000000000,1.0000000000,50.0000000000
34.0000000000,17.0000000000,0.0000000071,10.0000000000,10.0000000000,1.0000000000,1.0000000000,50.0000000000
34.0000000000,18.0000000000,0.0000000172,10.0000000000,10.0000000000,1.0000000000,1.0000000000,50.0000000000
34.0000000000,19.0000000000,0.0000000183,10.0000000000,10.0000000000,1.0000000000,1.0000000000,50.0000000000
34.0000000000,20.0000000000,0.0000000122,10.0000000000,10.0000000000,1.0000000000,1.0000000000,50.0000000000
34.0000000000,21.0000000000,0.0000000133,10.0000000000,10.0000000000,1.0000000000,1.0000000000,50.0000000000
34.0000000000,22.0000000000,0.0000000018,10.0000000000,10.0000000000,1.0000000000,1.0000000000,50.0000000000
35.0000000000,10.0000000000,0.0000000117,10.0000000000,10.0000000000,1.0000000000,1.0000000000,50.0000000000
35.0000000000,11.0000000000,0.0000000248,10.0000000000,10.0000000000,1.0000000000,1.0000000000,50.0000000000
35.0000000000,12.0000000000,0.0000000082,10.0000000000,10.0000000000,1.0000000000,1.0000000000,50.0000000000
35.0000000000,13.0000000000,0.0000000031,10.0000000000,10.0000000000,1.0000000000,1.0000000000,50.0000000000
35.0000000000,14.0000000000,0.0000000006,10.0000000000,10.0000000000,1.0000000000,1.0000000000,50.0000000000
35.0000000000,15.0000000000,0.0000000022,10.0000000000,10.0000000000,1.0000000000,1.0000000000,50.0000000000
35.0000000000,16.0000000000,0.0000000042,10.0000000000,10.0000000000,1.0000000000,1.0000000000,50.0000000000
35.0000000000,17.0000000000,0.0000000013,10.0000000000,10.0000000000,1.0000000000,1.0000000000,50.0000000000
35.0000000000,18.0000000000,0.0000000005,10.0000000000,10.0000000000,1.0000000000,1.0000000000,50.0000000000
35.0000000000,19.0000000000,0.0000000371,10.0000000000,10.0000000000,1.0000000000,1.0000000000,50.0000000000
35.0000000000,20.0000000000,0.0000000030,10.0000000000,10.0000000000,1.0000000000,1.0000000000,50.0000000000
35.0000000000,21.0000000000,0.0000000088,10.0000000000,10.0000000000,1.0000000000,1.0000000000,50.0000000000
35.0000000000,22.0000000000,0.0000000038,10.0000000000,10.0000000000,1.0000000000,1.0000000000,50.0000000000
36.0000000000,11.0000000000,0.0000000081,10.0000000000,10.0000000000,1.0000000000,1.0000000000,50.0000000000
36.0000000000,15.0000000000,0.0000000038,10.0000000000,10.0000000000,1.0000000000,1.0000000000,50.0000000000
36.0000000000,16.0000000000,0.0000000134,10.0000000000,10.0000000000,1.0000000000,1.0000000000,50.0000000000
36.0000000000,18.0000000000,0.0000000012,10.0000000000,10.0000000000,1.0000000000,1.0000000000,50.0000000000
36.0000000000,19.0000000000,0.0000000057,10.0000000000,10.0000000000,1.0000000000,1.0000000000,50.0000000000
36.0000000000,20.0000000000,0.0000000049,10.0000000000,10.0000000000,1.0000000000,1.0000000000,50.0000000000
36.0000000000,21.0000000000,0.0000000062,10.0000000000,10.0000000000,1.0000000000,1.0000000000,50.0000000000
36.0000000000,22.0000000000,0.0000000017,10.0000000000,10.0000000000,1.0000000000,1.0000000000,50.0000000000
37.0000000000,15.0000000000,0.0000000049,10.0000000000,10.0000000000,1.0000000000,1.0000000000,50.0000000000
37.0000000000,16.0000000000,0.0000000184,10.0000000000,10.0000000000,1.0000000000,1.0000000000,50.0000000000
37.0000000000,19.0000000000,0.0000000016,10.0000000000,10.0000000000,1.0000000000,1.0000000000,50.0000000000
37.0000000000,21.0000000000,0.0000000046,10.0000000000,10.0000000000,1.0000000000,1.0000000000,50.0000000000
38.0000000000,16.0000000000,0.0000000033,10.0000000000,10.0000000000,1.0000000000,1.0000000000,50.0000000000
38.0000000000,18.0000000000,0.0000000050,10.0000000000,10.0000000000,1.0000000000,1.0000000000,50.0000000000
38.0000000000,19.0000000000,0.0000000020,10.0000000000,10.0000000000,1.0000000000,1.0000000000,50.0000000000
39.0000000000,15.0000000000,0.0000000075,10.0000000000,10.0000000000,1.0000000000,1.0000000000,50.0000000000
39.0000000000,16.0000000000,0.0000000012,10.0000000000,10.0000000000,1.0000000000,1.0000000000,50.0000000000
39.0000000000,18.0000000000,0.0000000033,10.0000000000,10.0000000000,1.0000000000,1.0000000000,50.0000000000
40.0000000000,15.0000000000,0.0000000006,10.0000000000,10.0000000000,1.0000000000,1.0000000000,50.0000000000
40.0000000000,16.0000000000,0.0000000054,10.0000000000,10.0000000000,1.0000000000,1.0000000000,50.0000000000
40.0000000000,17.0000000000,0.0000000012,10.0000000000,10.0000000000,1.0000000000,1.0000000000,50.0000000000
40.0000000000,18.0000000000,0.0000000040,10.0000000000,10.0000000000,1.0000000000,1.0000000000,50.0000000000
41.0000000000,17.0000000000,0.0000000034,10.0000000000,10.0000000000,1.0000000000,1.0000000000,50.0000000000
41.0000000000,18.0000000000,0.0000000005,10.0000000000,10.0000000000,1.0000000000,1.0000000000,50.0000000000
42.0000000000,17.0000000000,0.0000000065,10.0000000000,10.0000000000,1.0000000000,1.0000000000,50.0000000000
42.0000000000,18.0000000000,0.0000000193,10.0000000000,10.0000000000,1.0000000000,1.0000000000,50.0000000000
43.0000000000,18.0000000000,0.0000000005,10.0000000000,10.0000000000,1.0000000000,1.0000000000,50.0000000000
